285.0	0.0	298.0	227.0	15.0	40.0	24.0
285.0	0.0	298.0	227.0	15.0	40.0	24.0
285.0	0.0	298.0	227.0	15.0	40.0	24.0
285.0	0.0	298.0	227.0	15.0	40.0	24.0
285.0	0.0	298.0	227.0	15.0	40.0	24.0
285.0	0.0	298.0	227.0	15.0	40.0	24.0
285.0	0.0	298.0	227.0	15.0	40.0	24.0
285.0	0.0	298.0	227.0	15.0	40.0	24.0
276.0	0.0	298.0	403.0	46.0	41.0	24.0
276.0	0.0	298.0	403.0	46.0	41.0	24.0
276.0	0.0	298.0	403.0	46.0	41.0	24.0
276.0	0.0	298.0	403.0	46.0	41.0	24.0
276.0	0.0	298.0	403.0	46.0	41.0	24.0
276.0	0.0	298.0	403.0	46.0	41.0	24.0
276.0	0.0	298.0	403.0	46.0	41.0	24.0
276.0	0.0	298.0	403.0	46.0	41.0	24.0
276.0	0.0	298.0	403.0	46.0	41.0	24.0
276.0	0.0	298.0	403.0	46.0	41.0	24.0
276.0	0.0	298.0	403.0	46.0	41.0	24.0
276.0	0.0	298.0	403.0	46.0	41.0	24.0
275.0	0.0	298.0	547.0	69.0	42.0	24.0
275.0	0.0	298.0	547.0	69.0	42.0	24.0
275.0	0.0	298.0	547.0	69.0	42.0	24.0
275.0	0.0	298.0	547.0	69.0	42.0	24.0
275.0	0.0	298.0	547.0	69.0	42.0	24.0
275.0	0.0	298.0	547.0	69.0	42.0	24.0
275.0	0.0	298.0	547.0	69.0	42.0	24.0
275.0	0.0	298.0	547.0	69.0	42.0	24.0
275.0	0.0	298.0	547.0	69.0	42.0	24.0
275.0	0.0	298.0	547.0	69.0	42.0	24.0
275.0	0.0	298.0	547.0	69.0	42.0	24.0
275.0	0.0	298.0	547.0	69.0	42.0	24.0
274.0	0.0	298.0	678.0	16.0	43.0	24.0
274.0	0.0	298.0	678.0	16.0	43.0	24.0
274.0	0.0	298.0	678.0	16.0	43.0	24.0
274.0	0.0	298.0	678.0	16.0	43.0	24.0
274.0	0.0	298.0	678.0	16.0	43.0	24.0
274.0	0.0	298.0	678.0	16.0	43.0	24.0
274.0	0.0	298.0	678.0	16.0	43.0	24.0
274.0	0.0	298.0	678.0	16.0	43.0	24.0
274.0	0.0	298.0	678.0	16.0	43.0	24.0
274.0	0.0	298.0	678.0	16.0	43.0	24.0
274.0	0.0	298.0	678.0	16.0	43.0	24.0
274.0	0.0	298.0	678.0	16.0	43.0	24.0
281.0	0.0	298.0	397.0	59.0	44.0	24.0
281.0	0.0	298.0	397.0	59.0	44.0	24.0
281.0	0.0	298.0	397.0	59.0	44.0	24.0
281.0	0.0	298.0	397.0	59.0	44.0	24.0
281.0	0.0	298.0	397.0	59.0	44.0	24.0
281.0	0.0	298.0	397.0	59.0	44.0	24.0
281.0	0.0	298.0	397.0	59.0	44.0	24.0
281.0	0.0	298.0	397.0	59.0	44.0	24.0
281.0	0.0	298.0	397.0	59.0	44.0	24.0
281.0	0.0	298.0	397.0	59.0	44.0	24.0
281.0	0.0	298.0	397.0	59.0	44.0	24.0
281.0	0.0	298.0	397.0	59.0	44.0	24.0
282.0	0.0	298.0	548.0	28.0	44.0	24.0
282.0	0.0	298.0	548.0	28.0	44.0	24.0
282.0	0.0	298.0	548.0	28.0	44.0	24.0
282.0	0.0	298.0	548.0	28.0	44.0	24.0
282.0	0.0	298.0	548.0	28.0	44.0	24.0
282.0	0.0	298.0	548.0	28.0	44.0	24.0
282.0	0.0	298.0	548.0	28.0	44.0	24.0
282.0	0.0	298.0	548.0	28.0	44.0	24.0
282.0	0.0	298.0	548.0	28.0	44.0	24.0
282.0	0.0	298.0	548.0	28.0	44.0	24.0
282.0	0.0	298.0	548.0	28.0	44.0	24.0
282.0	0.0	298.0	548.0	28.0	44.0	24.0
280.0	0.0	298.0	389.0	15.0	43.0	24.0
280.0	0.0	298.0	389.0	15.0	43.0	24.0
280.0	0.0	298.0	389.0	15.0	43.0	24.0
280.0	0.0	298.0	389.0	15.0	43.0	24.0
280.0	0.0	298.0	389.0	15.0	43.0	24.0
280.0	0.0	298.0	389.0	15.0	43.0	24.0
280.0	0.0	298.0	389.0	15.0	43.0	24.0
280.0	0.0	298.0	389.0	15.0	43.0	24.0
280.0	0.0	298.0	389.0	15.0	43.0	24.0
280.0	0.0	298.0	389.0	15.0	43.0	24.0
280.0	0.0	298.0	389.0	15.0	43.0	24.0
290.0	0.0	298.0	488.0	14.0	43.0	24.0
290.0	0.0	298.0	488.0	14.0	43.0	24.0
290.0	0.0	298.0	488.0	14.0	43.0	24.0
290.0	0.0	298.0	488.0	14.0	43.0	24.0
290.0	0.0	298.0	488.0	14.0	43.0	24.0
290.0	0.0	298.0	488.0	14.0	43.0	24.0
290.0	0.0	298.0	488.0	14.0	43.0	24.0
290.0	0.0	298.0	488.0	14.0	43.0	24.0
290.0	0.0	298.0	488.0	14.0	43.0	24.0
290.0	0.0	298.0	488.0	14.0	43.0	24.0
290.0	0.0	298.0	488.0	14.0	43.0	24.0
290.0	0.0	298.0	488.0	14.0	43.0	24.0
296.0	0.0	298.0	577.0	14.0	53.0	25.0
296.0	0.0	298.0	577.0	14.0	53.0	25.0
296.0	0.0	298.0	577.0	14.0	53.0	25.0
296.0	0.0	298.0	577.0	14.0	53.0	25.0
296.0	0.0	298.0	577.0	14.0	53.0	25.0
296.0	0.0	298.0	577.0	14.0	53.0	25.0
296.0	0.0	298.0	577.0	14.0	53.0	25.0
296.0	0.0	298.0	577.0	14.0	53.0	25.0
296.0	0.0	298.0	577.0	14.0	53.0	25.0
296.0	0.0	298.0	577.0	14.0	53.0	25.0
296.0	0.0	298.0	577.0	14.0	53.0	25.0
296.0	0.0	298.0	577.0	14.0	53.0	25.0
302.0	0.0	298.0	434.0	14.0	60.0	25.0
302.0	0.0	298.0	434.0	14.0	60.0	25.0
302.0	0.0	298.0	434.0	14.0	60.0	25.0
302.0	0.0	298.0	434.0	14.0	60.0	25.0
302.0	0.0	298.0	434.0	14.0	60.0	25.0
302.0	0.0	298.0	434.0	14.0	60.0	25.0
302.0	0.0	298.0	434.0	14.0	60.0	25.0
302.0	0.0	298.0	434.0	14.0	60.0	25.0
302.0	0.0	298.0	434.0	14.0	60.0	25.0
302.0	0.0	298.0	434.0	14.0	60.0	25.0
302.0	0.0	298.0	434.0	14.0	60.0	25.0
302.0	0.0	298.0	434.0	14.0	60.0	25.0
297.0	0.0	298.0	420.0	14.0	65.0	25.0
297.0	0.0	298.0	420.0	14.0	65.0	25.0
297.0	0.0	298.0	420.0	14.0	65.0	25.0
297.0	0.0	298.0	420.0	14.0	65.0	25.0
297.0	0.0	298.0	420.0	14.0	65.0	25.0
297.0	0.0	298.0	420.0	14.0	65.0	25.0
297.0	0.0	298.0	420.0	14.0	65.0	25.0
297.0	0.0	298.0	420.0	14.0	65.0	25.0
297.0	0.0	298.0	420.0	14.0	65.0	25.0
297.0	0.0	298.0	420.0	14.0	65.0	25.0
297.0	0.0	298.0	420.0	14.0	65.0	25.0
297.0	0.0	298.0	420.0	14.0	65.0	25.0
293.0	0.0	298.0	477.0	14.0	69.0	25.0
293.0	0.0	298.0	477.0	14.0	69.0	25.0
293.0	0.0	298.0	477.0	14.0	69.0	25.0
293.0	0.0	298.0	477.0	14.0	69.0	25.0
293.0	0.0	298.0	477.0	14.0	69.0	25.0
293.0	0.0	298.0	477.0	14.0	69.0	25.0
293.0	0.0	298.0	477.0	14.0	69.0	25.0
293.0	0.0	298.0	477.0	14.0	69.0	25.0
293.0	0.0	298.0	477.0	14.0	69.0	25.0
293.0	0.0	298.0	477.0	14.0	69.0	25.0
293.0	0.0	298.0	477.0	14.0	69.0	25.0
293.0	0.0	298.0	477.0	14.0	69.0	25.0
296.0	0.0	298.0	496.0	14.0	73.0	25.0
296.0	0.0	298.0	496.0	14.0	73.0	25.0
296.0	0.0	298.0	496.0	14.0	73.0	25.0
296.0	0.0	298.0	496.0	14.0	73.0	25.0
296.0	0.0	298.0	496.0	14.0	73.0	25.0
296.0	0.0	298.0	496.0	14.0	73.0	25.0
296.0	0.0	298.0	496.0	14.0	73.0	25.0
296.0	0.0	298.0	496.0	14.0	73.0	25.0
296.0	0.0	298.0	496.0	14.0	73.0	25.0
296.0	0.0	298.0	496.0	14.0	73.0	25.0
296.0	0.0	298.0	496.0	14.0	73.0	25.0
296.0	0.0	298.0	496.0	14.0	73.0	25.0
301.0	0.0	298.0	486.0	14.0	78.0	26.0
301.0	0.0	298.0	486.0	14.0	78.0	26.0
301.0	0.0	298.0	486.0	14.0	78.0	26.0
301.0	0.0	298.0	486.0	14.0	78.0	26.0
301.0	0.0	298.0	486.0	14.0	78.0	26.0
301.0	0.0	298.0	486.0	14.0	78.0	26.0
301.0	0.0	298.0	486.0	14.0	78.0	26.0
301.0	0.0	298.0	486.0	14.0	78.0	26.0
301.0	0.0	298.0	486.0	14.0	78.0	26.0
301.0	0.0	298.0	486.0	14.0	78.0	26.0
301.0	0.0	298.0	486.0	14.0	78.0	26.0
301.0	0.0	298.0	486.0	14.0	78.0	26.0
301.0	0.0	298.0	506.0	14.0	80.0	25.0
301.0	0.0	298.0	506.0	14.0	80.0	25.0
301.0	0.0	298.0	506.0	14.0	80.0	25.0
301.0	0.0	298.0	506.0	14.0	80.0	25.0
301.0	0.0	298.0	506.0	14.0	80.0	25.0
301.0	0.0	298.0	506.0	14.0	80.0	25.0
301.0	0.0	298.0	506.0	14.0	80.0	25.0
301.0	0.0	298.0	506.0	14.0	80.0	25.0
301.0	0.0	298.0	506.0	14.0	80.0	25.0
301.0	0.0	298.0	506.0	14.0	80.0	25.0
301.0	0.0	298.0	506.0	14.0	80.0	25.0
301.0	0.0	298.0	506.0	14.0	80.0	25.0
309.0	0.0	298.0	528.0	14.0	83.0	25.0
309.0	0.0	298.0	528.0	14.0	83.0	25.0
309.0	0.0	298.0	528.0	14.0	83.0	25.0
309.0	0.0	298.0	528.0	14.0	83.0	25.0
309.0	0.0	298.0	528.0	14.0	83.0	25.0
309.0	0.0	298.0	528.0	14.0	83.0	25.0
309.0	0.0	298.0	528.0	14.0	83.0	25.0
309.0	0.0	298.0	528.0	14.0	83.0	25.0
309.0	0.0	298.0	528.0	14.0	83.0	25.0
309.0	0.0	298.0	528.0	14.0	83.0	25.0
309.0	0.0	298.0	528.0	14.0	83.0	25.0
312.0	0.0	298.0	512.0	15.0	86.0	26.0
312.0	0.0	298.0	512.0	15.0	86.0	26.0
312.0	0.0	298.0	512.0	15.0	86.0	26.0
312.0	0.0	298.0	512.0	15.0	86.0	26.0
312.0	0.0	298.0	512.0	15.0	86.0	26.0
312.0	0.0	298.0	512.0	15.0	86.0	26.0
312.0	0.0	298.0	512.0	15.0	86.0	26.0
312.0	0.0	298.0	512.0	15.0	86.0	26.0
312.0	0.0	298.0	512.0	15.0	86.0	26.0
312.0	0.0	298.0	512.0	15.0	86.0	26.0
312.0	0.0	298.0	512.0	15.0	86.0	26.0
312.0	0.0	298.0	512.0	15.0	86.0	26.0
308.0	0.0	298.0	563.0	14.0	88.0	26.0
308.0	0.0	298.0	563.0	14.0	88.0	26.0
308.0	0.0	298.0	563.0	14.0	88.0	26.0
308.0	0.0	298.0	563.0	14.0	88.0	26.0
308.0	0.0	298.0	563.0	14.0	88.0	26.0
308.0	0.0	298.0	563.0	14.0	88.0	26.0
308.0	0.0	298.0	563.0	14.0	88.0	26.0
308.0	0.0	298.0	563.0	14.0	88.0	26.0
308.0	0.0	298.0	563.0	14.0	88.0	26.0
308.0	0.0	298.0	563.0	14.0	88.0	26.0
308.0	0.0	298.0	563.0	14.0	88.0	26.0
308.0	0.0	298.0	563.0	14.0	88.0	26.0
344.0	0.0	299.0	830.0	14.0	90.0	26.0
344.0	0.0	299.0	830.0	14.0	90.0	26.0
344.0	0.0	299.0	830.0	14.0	90.0	26.0
344.0	0.0	299.0	830.0	14.0	90.0	26.0
344.0	0.0	299.0	830.0	14.0	90.0	26.0
344.0	0.0	299.0	830.0	14.0	90.0	26.0
344.0	0.0	299.0	830.0	14.0	90.0	26.0
344.0	0.0	299.0	830.0	14.0	90.0	26.0
344.0	0.0	299.0	830.0	14.0	90.0	26.0
344.0	0.0	299.0	830.0	14.0	90.0	26.0
344.0	0.0	299.0	830.0	14.0	90.0	26.0
344.0	0.0	299.0	830.0	14.0	90.0	26.0
397.0	0.0	298.0	322.0	23.0	92.0	26.0
397.0	0.0	298.0	322.0	23.0	92.0	26.0
397.0	0.0	298.0	322.0	23.0	92.0	26.0
397.0	0.0	298.0	322.0	23.0	92.0	26.0
397.0	0.0	298.0	322.0	23.0	92.0	26.0
397.0	0.0	298.0	322.0	23.0	92.0	26.0
397.0	0.0	298.0	322.0	23.0	92.0	26.0
397.0	0.0	298.0	322.0	23.0	92.0	26.0
397.0	0.0	298.0	322.0	23.0	92.0	26.0
397.0	0.0	298.0	322.0	23.0	92.0	26.0
397.0	0.0	298.0	322.0	23.0	92.0	26.0
397.0	0.0	298.0	322.0	23.0	92.0	26.0
346.0	0.0	299.0	521.0	14.0	95.0	27.0
346.0	0.0	299.0	521.0	14.0	95.0	27.0
346.0	0.0	299.0	521.0	14.0	95.0	27.0
346.0	0.0	299.0	521.0	14.0	95.0	27.0
346.0	0.0	299.0	521.0	14.0	95.0	27.0
346.0	0.0	299.0	521.0	14.0	95.0	27.0
346.0	0.0	299.0	521.0	14.0	95.0	27.0
346.0	0.0	299.0	521.0	14.0	95.0	27.0
346.0	0.0	299.0	521.0	14.0	95.0	27.0
346.0	0.0	299.0	521.0	14.0	95.0	27.0
346.0	0.0	299.0	521.0	14.0	95.0	27.0
346.0	0.0	299.0	521.0	14.0	95.0	27.0
346.0	0.0	298.0	317.0	41.0	96.0	26.0
346.0	0.0	298.0	317.0	41.0	96.0	26.0
346.0	0.0	298.0	317.0	41.0	96.0	26.0
346.0	0.0	298.0	317.0	41.0	96.0	26.0
346.0	0.0	298.0	317.0	41.0	96.0	26.0
346.0	0.0	298.0	317.0	41.0	96.0	26.0
346.0	0.0	298.0	317.0	41.0	96.0	26.0
346.0	0.0	298.0	317.0	41.0	96.0	26.0
346.0	0.0	298.0	317.0	41.0	96.0	26.0
346.0	0.0	298.0	317.0	41.0	96.0	26.0
346.0	0.0	298.0	317.0	41.0	96.0	26.0
409.0	0.0	298.0	495.0	36.0	97.0	27.0
409.0	0.0	298.0	495.0	36.0	97.0	27.0
409.0	0.0	298.0	495.0	36.0	97.0	27.0
409.0	0.0	298.0	495.0	36.0	97.0	27.0
409.0	0.0	298.0	495.0	36.0	97.0	27.0
409.0	0.0	298.0	495.0	36.0	97.0	27.0
409.0	0.0	298.0	495.0	36.0	97.0	27.0
409.0	0.0	298.0	495.0	36.0	97.0	27.0
409.0	0.0	298.0	495.0	36.0	97.0	27.0
409.0	0.0	298.0	495.0	36.0	97.0	27.0
409.0	0.0	298.0	495.0	36.0	97.0	27.0
409.0	0.0	298.0	495.0	36.0	97.0	27.0
395.0	0.0	299.0	464.0	28.0	100.0	27.0
395.0	0.0	299.0	464.0	28.0	100.0	27.0
395.0	0.0	299.0	464.0	28.0	100.0	27.0
395.0	0.0	299.0	464.0	28.0	100.0	27.0
395.0	0.0	299.0	464.0	28.0	100.0	27.0
395.0	0.0	299.0	464.0	28.0	100.0	27.0
395.0	0.0	299.0	464.0	28.0	100.0	27.0
395.0	0.0	299.0	464.0	28.0	100.0	27.0
395.0	0.0	299.0	464.0	28.0	100.0	27.0
395.0	0.0	299.0	464.0	28.0	100.0	27.0
395.0	0.0	299.0	464.0	28.0	100.0	27.0
395.0	0.0	299.0	464.0	28.0	100.0	27.0
321.0	0.0	298.0	623.0	14.0	101.0	27.0
321.0	0.0	298.0	623.0	14.0	101.0	27.0
321.0	0.0	298.0	623.0	14.0	101.0	27.0
321.0	0.0	298.0	623.0	14.0	101.0	27.0
321.0	0.0	298.0	623.0	14.0	101.0	27.0
321.0	0.0	298.0	623.0	14.0	101.0	27.0
321.0	0.0	298.0	623.0	14.0	101.0	27.0
321.0	0.0	298.0	623.0	14.0	101.0	27.0
321.0	0.0	298.0	623.0	14.0	101.0	27.0
321.0	0.0	298.0	623.0	14.0	101.0	27.0
321.0	0.0	298.0	623.0	14.0	101.0	27.0
321.0	0.0	298.0	623.0	14.0	101.0	27.0
298.0	0.0	298.0	467.0	41.0	102.0	27.0
298.0	0.0	298.0	467.0	41.0	102.0	27.0
298.0	0.0	298.0	467.0	41.0	102.0	27.0
298.0	0.0	298.0	467.0	41.0	102.0	27.0
298.0	0.0	298.0	467.0	41.0	102.0	27.0
298.0	0.0	298.0	467.0	41.0	102.0	27.0
298.0	0.0	298.0	467.0	41.0	102.0	27.0
298.0	0.0	298.0	467.0	41.0	102.0	27.0
298.0	0.0	298.0	467.0	41.0	102.0	27.0
298.0	0.0	298.0	467.0	41.0	102.0	27.0
298.0	0.0	298.0	467.0	41.0	102.0	27.0
298.0	0.0	298.0	467.0	41.0	102.0	27.0
314.0	0.0	298.0	66.0	44.0	102.0	27.0
314.0	0.0	298.0	66.0	44.0	102.0	27.0
314.0	0.0	298.0	66.0	44.0	102.0	27.0
314.0	0.0	298.0	66.0	44.0	102.0	27.0
314.0	0.0	298.0	66.0	44.0	102.0	27.0
314.0	0.0	298.0	66.0	44.0	102.0	27.0
314.0	0.0	298.0	66.0	44.0	102.0	27.0
314.0	0.0	298.0	66.0	44.0	102.0	27.0
314.0	0.0	298.0	66.0	44.0	102.0	27.0
314.0	0.0	298.0	66.0	44.0	102.0	27.0
314.0	0.0	298.0	66.0	44.0	102.0	27.0
314.0	0.0	298.0	66.0	44.0	102.0	27.0
365.0	0.0	299.0	874.0	14.0	103.0	27.0
365.0	0.0	299.0	874.0	14.0	103.0	27.0
365.0	0.0	299.0	874.0	14.0	103.0	27.0
365.0	0.0	299.0	874.0	14.0	103.0	27.0
365.0	0.0	299.0	874.0	14.0	103.0	27.0
365.0	0.0	299.0	874.0	14.0	103.0	27.0
365.0	0.0	299.0	874.0	14.0	103.0	27.0
365.0	0.0	299.0	874.0	14.0	103.0	27.0
365.0	0.0	299.0	874.0	14.0	103.0	27.0
365.0	0.0	299.0	874.0	14.0	103.0	27.0
365.0	0.0	299.0	874.0	14.0	103.0	27.0
365.0	0.0	299.0	874.0	14.0	103.0	27.0
393.0	0.0	298.0	451.0	41.0	104.0	27.0
393.0	0.0	298.0	451.0	41.0	104.0	27.0
393.0	0.0	298.0	451.0	41.0	104.0	27.0
393.0	0.0	298.0	451.0	41.0	104.0	27.0
393.0	0.0	298.0	451.0	41.0	104.0	27.0
393.0	0.0	298.0	451.0	41.0	104.0	27.0
393.0	0.0	298.0	451.0	41.0	104.0	27.0
393.0	0.0	298.0	451.0	41.0	104.0	27.0
393.0	0.0	298.0	451.0	41.0	104.0	27.0
393.0	0.0	298.0	451.0	41.0	104.0	27.0
393.0	0.0	298.0	451.0	41.0	104.0	27.0
393.0	0.0	298.0	451.0	41.0	104.0	27.0
387.0	0.0	298.0	576.0	14.0	105.0	28.0
387.0	0.0	298.0	576.0	14.0	105.0	28.0
387.0	0.0	298.0	576.0	14.0	105.0	28.0
387.0	0.0	298.0	576.0	14.0	105.0	28.0
387.0	0.0	298.0	576.0	14.0	105.0	28.0
387.0	0.0	298.0	576.0	14.0	105.0	28.0
387.0	0.0	298.0	576.0	14.0	105.0	28.0
387.0	0.0	298.0	576.0	14.0	105.0	28.0
387.0	0.0	298.0	576.0	14.0	105.0	28.0
387.0	0.0	298.0	576.0	14.0	105.0	28.0
387.0	0.0	298.0	576.0	14.0	105.0	28.0
387.0	0.0	298.0	576.0	14.0	105.0	28.0
395.0	0.0	299.0	466.0	41.0	105.0	27.0
395.0	0.0	299.0	466.0	41.0	105.0	27.0
395.0	0.0	299.0	466.0	41.0	105.0	27.0
395.0	0.0	299.0	466.0	41.0	105.0	27.0
395.0	0.0	299.0	466.0	41.0	105.0	27.0
395.0	0.0	299.0	466.0	41.0	105.0	27.0
395.0	0.0	299.0	466.0	41.0	105.0	27.0
395.0	0.0	299.0	466.0	41.0	105.0	27.0
395.0	0.0	299.0	466.0	41.0	105.0	27.0
395.0	0.0	299.0	466.0	41.0	105.0	27.0
395.0	0.0	299.0	466.0	41.0	105.0	27.0
395.0	0.0	299.0	466.0	41.0	105.0	27.0
411.0	0.0	299.0	544.0	14.0	107.0	28.0
411.0	0.0	299.0	544.0	14.0	107.0	28.0
411.0	0.0	299.0	544.0	14.0	107.0	28.0
411.0	0.0	299.0	544.0	14.0	107.0	28.0
411.0	0.0	299.0	544.0	14.0	107.0	28.0
411.0	0.0	299.0	544.0	14.0	107.0	28.0
411.0	0.0	299.0	544.0	14.0	107.0	28.0
411.0	0.0	299.0	544.0	14.0	107.0	28.0
411.0	0.0	299.0	544.0	14.0	107.0	28.0
411.0	0.0	299.0	544.0	14.0	107.0	28.0
411.0	0.0	299.0	544.0	14.0	107.0	28.0
411.0	0.0	299.0	544.0	14.0	107.0	28.0
391.0	0.0	299.0	471.0	41.0	107.0	28.0
391.0	0.0	299.0	471.0	41.0	107.0	28.0
391.0	0.0	299.0	471.0	41.0	107.0	28.0
391.0	0.0	299.0	471.0	41.0	107.0	28.0
391.0	0.0	299.0	471.0	41.0	107.0	28.0
391.0	0.0	299.0	471.0	41.0	107.0	28.0
391.0	0.0	299.0	471.0	41.0	107.0	28.0
391.0	0.0	299.0	471.0	41.0	107.0	28.0
391.0	0.0	299.0	471.0	41.0	107.0	28.0
391.0	0.0	299.0	471.0	41.0	107.0	28.0
391.0	0.0	299.0	471.0	41.0	107.0	28.0
296.0	0.0	298.0	416.0	15.0	108.0	28.0
296.0	0.0	298.0	416.0	15.0	108.0	28.0
296.0	0.0	298.0	416.0	15.0	108.0	28.0
296.0	0.0	298.0	416.0	15.0	108.0	28.0
296.0	0.0	298.0	416.0	15.0	108.0	28.0
296.0	0.0	298.0	416.0	15.0	108.0	28.0
296.0	0.0	298.0	416.0	15.0	108.0	28.0
296.0	0.0	298.0	416.0	15.0	108.0	28.0
296.0	0.0	298.0	416.0	15.0	108.0	28.0
296.0	0.0	298.0	416.0	15.0	108.0	28.0
296.0	0.0	298.0	416.0	15.0	108.0	28.0
296.0	0.0	298.0	416.0	15.0	108.0	28.0
249.0	0.0	298.0	515.0	23.0	108.0	28.0
249.0	0.0	298.0	515.0	23.0	108.0	28.0
249.0	0.0	298.0	515.0	23.0	108.0	28.0
249.0	0.0	298.0	515.0	23.0	108.0	28.0
249.0	0.0	298.0	515.0	23.0	108.0	28.0
249.0	0.0	298.0	515.0	23.0	108.0	28.0
249.0	0.0	298.0	515.0	23.0	108.0	28.0
249.0	0.0	298.0	515.0	23.0	108.0	28.0
249.0	0.0	298.0	515.0	23.0	108.0	28.0
249.0	0.0	298.0	515.0	23.0	108.0	28.0
249.0	0.0	298.0	515.0	23.0	108.0	28.0
249.0	0.0	298.0	515.0	23.0	108.0	28.0
212.0	0.0	298.0	244.0	23.0	108.0	28.0
212.0	0.0	298.0	244.0	23.0	108.0	28.0
212.0	0.0	298.0	244.0	23.0	108.0	28.0
212.0	0.0	298.0	244.0	23.0	108.0	28.0
212.0	0.0	298.0	244.0	23.0	108.0	28.0
212.0	0.0	298.0	244.0	23.0	108.0	28.0
212.0	0.0	298.0	244.0	23.0	108.0	28.0
212.0	0.0	298.0	244.0	23.0	108.0	28.0
212.0	0.0	298.0	244.0	23.0	108.0	28.0
212.0	0.0	298.0	244.0	23.0	108.0	28.0
212.0	0.0	298.0	244.0	23.0	108.0	28.0
212.0	0.0	298.0	244.0	23.0	108.0	28.0
209.0	0.0	298.0	442.0	39.0	108.0	27.0
209.0	0.0	298.0	442.0	39.0	108.0	27.0
209.0	0.0	298.0	442.0	39.0	108.0	27.0
209.0	0.0	298.0	442.0	39.0	108.0	27.0
209.0	0.0	298.0	442.0	39.0	108.0	27.0
209.0	0.0	298.0	442.0	39.0	108.0	27.0
209.0	0.0	298.0	442.0	39.0	108.0	27.0
209.0	0.0	298.0	442.0	39.0	108.0	27.0
209.0	0.0	298.0	442.0	39.0	108.0	27.0
209.0	0.0	298.0	442.0	39.0	108.0	27.0
209.0	0.0	298.0	442.0	39.0	108.0	27.0
209.0	0.0	298.0	442.0	39.0	108.0	27.0
205.0	0.0	298.0	344.0	41.0	108.0	27.0
205.0	0.0	298.0	344.0	41.0	108.0	27.0
205.0	0.0	298.0	344.0	41.0	108.0	27.0
205.0	0.0	298.0	344.0	41.0	108.0	27.0
205.0	0.0	298.0	344.0	41.0	108.0	27.0
205.0	0.0	298.0	344.0	41.0	108.0	27.0
205.0	0.0	298.0	344.0	41.0	108.0	27.0
205.0	0.0	298.0	344.0	41.0	108.0	27.0
205.0	0.0	298.0	344.0	41.0	108.0	27.0
205.0	0.0	298.0	344.0	41.0	108.0	27.0
205.0	0.0	298.0	344.0	41.0	108.0	27.0
205.0	0.0	298.0	344.0	41.0	108.0	27.0
202.0	0.0	298.0	418.0	44.0	108.0	27.0
202.0	0.0	298.0	418.0	44.0	108.0	27.0
202.0	0.0	298.0	418.0	44.0	108.0	27.0
202.0	0.0	298.0	418.0	44.0	108.0	27.0
202.0	0.0	298.0	418.0	44.0	108.0	27.0
202.0	0.0	298.0	418.0	44.0	108.0	27.0
202.0	0.0	298.0	418.0	44.0	108.0	27.0
202.0	0.0	298.0	418.0	44.0	108.0	27.0
202.0	0.0	298.0	418.0	44.0	108.0	27.0
202.0	0.0	298.0	418.0	44.0	108.0	27.0
202.0	0.0	298.0	418.0	44.0	108.0	27.0
202.0	0.0	298.0	418.0	44.0	108.0	27.0
202.0	0.0	298.0	418.0	44.0	108.0	27.0
202.0	0.0	298.0	418.0	44.0	108.0	27.0
200.0	0.0	298.0	439.0	639.0	108.0	27.0
200.0	0.0	298.0	439.0	639.0	108.0	27.0
200.0	0.0	298.0	439.0	639.0	108.0	27.0
200.0	0.0	298.0	439.0	639.0	108.0	27.0
200.0	0.0	298.0	439.0	639.0	108.0	27.0
200.0	0.0	298.0	439.0	639.0	108.0	27.0
200.0	0.0	298.0	439.0	639.0	108.0	27.0
200.0	0.0	298.0	439.0	639.0	108.0	27.0
200.0	0.0	298.0	439.0	639.0	108.0	27.0
200.0	0.0	298.0	439.0	639.0	108.0	27.0
200.0	0.0	298.0	439.0	639.0	108.0	27.0
200.0	0.0	298.0	439.0	639.0	108.0	27.0
200.0	0.0	298.0	439.0	639.0	108.0	27.0
200.0	0.0	298.0	439.0	639.0	108.0	27.0
200.0	0.0	298.0	439.0	639.0	108.0	27.0
206.0	0.0	298.0	498.0	639.0	108.0	27.0
206.0	0.0	298.0	498.0	639.0	108.0	27.0
206.0	0.0	298.0	498.0	639.0	108.0	27.0
206.0	0.0	298.0	498.0	639.0	108.0	27.0
206.0	0.0	298.0	498.0	639.0	108.0	27.0
206.0	0.0	298.0	498.0	639.0	108.0	27.0
206.0	0.0	298.0	498.0	639.0	108.0	27.0
206.0	0.0	298.0	498.0	639.0	108.0	27.0
206.0	0.0	298.0	498.0	639.0	108.0	27.0
206.0	0.0	298.0	498.0	639.0	108.0	27.0
206.0	0.0	298.0	498.0	639.0	108.0	27.0
206.0	0.0	298.0	498.0	639.0	108.0	27.0
206.0	0.0	298.0	498.0	639.0	108.0	27.0
206.0	0.0	298.0	498.0	639.0	108.0	27.0
206.0	0.0	298.0	498.0	639.0	108.0	27.0
204.0	0.0	298.0	468.0	639.0	109.0	27.0
204.0	0.0	298.0	468.0	639.0	109.0	27.0
204.0	0.0	298.0	468.0	639.0	109.0	27.0
204.0	0.0	298.0	468.0	639.0	109.0	27.0
204.0	0.0	298.0	468.0	639.0	109.0	27.0
204.0	0.0	298.0	468.0	639.0	109.0	27.0
204.0	0.0	298.0	468.0	639.0	109.0	27.0
204.0	0.0	298.0	468.0	639.0	109.0	27.0
204.0	0.0	298.0	468.0	639.0	109.0	27.0
204.0	0.0	298.0	468.0	639.0	109.0	27.0
204.0	0.0	298.0	468.0	639.0	109.0	27.0
204.0	0.0	298.0	468.0	639.0	109.0	27.0
204.0	0.0	298.0	468.0	639.0	109.0	27.0
204.0	0.0	298.0	468.0	639.0	109.0	27.0
198.0	0.0	298.0	485.0	639.0	109.0	27.0
198.0	0.0	298.0	485.0	639.0	109.0	27.0
198.0	0.0	298.0	485.0	639.0	109.0	27.0
198.0	0.0	298.0	485.0	639.0	109.0	27.0
198.0	0.0	298.0	485.0	639.0	109.0	27.0
198.0	0.0	298.0	485.0	639.0	109.0	27.0
198.0	0.0	298.0	485.0	639.0	109.0	27.0
198.0	0.0	298.0	485.0	639.0	109.0	27.0
198.0	0.0	298.0	485.0	639.0	109.0	27.0
198.0	0.0	298.0	485.0	639.0	109.0	27.0
198.0	0.0	298.0	485.0	639.0	109.0	27.0
198.0	0.0	298.0	485.0	639.0	109.0	27.0
198.0	0.0	298.0	485.0	639.0	109.0	27.0
198.0	0.0	298.0	485.0	639.0	109.0	27.0
198.0	0.0	298.0	485.0	639.0	109.0	27.0
201.0	0.0	298.0	484.0	639.0	109.0	27.0
201.0	0.0	298.0	484.0	639.0	109.0	27.0
201.0	0.0	298.0	484.0	639.0	109.0	27.0
201.0	0.0	298.0	484.0	639.0	109.0	27.0
201.0	0.0	298.0	484.0	639.0	109.0	27.0
201.0	0.0	298.0	484.0	639.0	109.0	27.0
201.0	0.0	298.0	484.0	639.0	109.0	27.0
201.0	0.0	298.0	484.0	639.0	109.0	27.0
201.0	0.0	298.0	484.0	639.0	109.0	27.0
201.0	0.0	298.0	484.0	639.0	109.0	27.0
201.0	0.0	298.0	484.0	639.0	109.0	27.0
201.0	0.0	298.0	484.0	639.0	109.0	27.0
201.0	0.0	298.0	484.0	639.0	109.0	27.0
201.0	0.0	298.0	484.0	639.0	109.0	27.0
201.0	0.0	298.0	484.0	639.0	109.0	27.0
206.0	0.0	298.0	494.0	639.0	109.0	27.0
206.0	0.0	298.0	494.0	639.0	109.0	27.0
206.0	0.0	298.0	494.0	639.0	109.0	27.0
206.0	0.0	298.0	494.0	639.0	109.0	27.0
206.0	0.0	298.0	494.0	639.0	109.0	27.0
206.0	0.0	298.0	494.0	639.0	109.0	27.0
206.0	0.0	298.0	494.0	639.0	109.0	27.0
206.0	0.0	298.0	494.0	639.0	109.0	27.0
206.0	0.0	298.0	494.0	639.0	109.0	27.0
206.0	0.0	298.0	494.0	639.0	109.0	27.0
206.0	0.0	298.0	494.0	639.0	109.0	27.0
206.0	0.0	298.0	494.0	639.0	109.0	27.0
206.0	0.0	298.0	494.0	639.0	109.0	27.0
206.0	0.0	298.0	494.0	639.0	109.0	27.0
206.0	0.0	298.0	494.0	639.0	109.0	27.0
201.0	0.0	298.0	486.0	639.0	109.0	27.0
201.0	0.0	298.0	486.0	639.0	109.0	27.0
201.0	0.0	298.0	486.0	639.0	109.0	27.0
201.0	0.0	298.0	486.0	639.0	109.0	27.0
201.0	0.0	298.0	486.0	639.0	109.0	27.0
201.0	0.0	298.0	486.0	639.0	109.0	27.0
201.0	0.0	298.0	486.0	639.0	109.0	27.0
201.0	0.0	298.0	486.0	639.0	109.0	27.0
201.0	0.0	298.0	486.0	639.0	109.0	27.0
201.0	0.0	298.0	486.0	639.0	109.0	27.0
201.0	0.0	298.0	486.0	639.0	109.0	27.0
201.0	0.0	298.0	486.0	639.0	109.0	27.0
201.0	0.0	298.0	486.0	639.0	109.0	27.0
199.0	0.0	298.0	487.0	41.0	109.0	27.0
199.0	0.0	298.0	487.0	41.0	109.0	27.0
199.0	0.0	298.0	487.0	41.0	109.0	27.0
199.0	0.0	298.0	487.0	41.0	109.0	27.0
199.0	0.0	298.0	487.0	41.0	109.0	27.0
199.0	0.0	298.0	487.0	41.0	109.0	27.0
199.0	0.0	298.0	487.0	41.0	109.0	27.0
199.0	0.0	298.0	487.0	41.0	109.0	27.0
199.0	0.0	298.0	487.0	41.0	109.0	27.0
199.0	0.0	298.0	487.0	41.0	109.0	27.0
199.0	0.0	298.0	487.0	41.0	109.0	27.0
199.0	0.0	298.0	487.0	41.0	109.0	27.0
193.0	0.0	298.0	497.0	41.0	109.0	27.0
193.0	0.0	298.0	497.0	41.0	109.0	27.0
193.0	0.0	298.0	497.0	41.0	109.0	27.0
193.0	0.0	298.0	497.0	41.0	109.0	27.0
193.0	0.0	298.0	497.0	41.0	109.0	27.0
193.0	0.0	298.0	497.0	41.0	109.0	27.0
193.0	0.0	298.0	497.0	41.0	109.0	27.0
193.0	0.0	298.0	497.0	41.0	109.0	27.0
193.0	0.0	298.0	497.0	41.0	109.0	27.0
193.0	0.0	298.0	497.0	41.0	109.0	27.0
193.0	0.0	298.0	497.0	41.0	109.0	27.0
193.0	0.0	298.0	497.0	41.0	109.0	27.0
195.0	0.0	298.0	494.0	41.0	109.0	27.0
195.0	0.0	298.0	494.0	41.0	109.0	27.0
195.0	0.0	298.0	494.0	41.0	109.0	27.0
195.0	0.0	298.0	494.0	41.0	109.0	27.0
195.0	0.0	298.0	494.0	41.0	109.0	27.0
195.0	0.0	298.0	494.0	41.0	109.0	27.0
195.0	0.0	298.0	494.0	41.0	109.0	27.0
195.0	0.0	298.0	494.0	41.0	109.0	27.0
195.0	0.0	298.0	494.0	41.0	109.0	27.0
195.0	0.0	298.0	494.0	41.0	109.0	27.0
195.0	0.0	298.0	494.0	41.0	109.0	27.0
195.0	0.0	298.0	494.0	41.0	109.0	27.0
195.0	0.0	298.0	494.0	41.0	109.0	27.0
195.0	0.0	298.0	494.0	41.0	109.0	27.0
203.0	0.0	298.0	505.0	639.0	109.0	27.0
203.0	0.0	298.0	505.0	639.0	109.0	27.0
203.0	0.0	298.0	505.0	639.0	109.0	27.0
203.0	0.0	298.0	505.0	639.0	109.0	27.0
203.0	0.0	298.0	505.0	639.0	109.0	27.0
203.0	0.0	298.0	505.0	639.0	109.0	27.0
203.0	0.0	298.0	505.0	639.0	109.0	27.0
203.0	0.0	298.0	505.0	639.0	109.0	27.0
203.0	0.0	298.0	505.0	639.0	109.0	27.0
203.0	0.0	298.0	505.0	639.0	109.0	27.0
203.0	0.0	298.0	505.0	639.0	109.0	27.0
203.0	0.0	298.0	505.0	639.0	109.0	27.0
203.0	0.0	298.0	505.0	639.0	109.0	27.0
203.0	0.0	298.0	505.0	639.0	109.0	27.0
203.0	0.0	298.0	505.0	639.0	109.0	27.0
202.0	0.0	298.0	513.0	639.0	109.0	27.0
202.0	0.0	298.0	513.0	639.0	109.0	27.0
202.0	0.0	298.0	513.0	639.0	109.0	27.0
202.0	0.0	298.0	513.0	639.0	109.0	27.0
202.0	0.0	298.0	513.0	639.0	109.0	27.0
202.0	0.0	298.0	513.0	639.0	109.0	27.0
202.0	0.0	298.0	513.0	639.0	109.0	27.0
202.0	0.0	298.0	513.0	639.0	109.0	27.0
202.0	0.0	298.0	513.0	639.0	109.0	27.0
202.0	0.0	298.0	513.0	639.0	109.0	27.0
202.0	0.0	298.0	513.0	639.0	109.0	27.0
202.0	0.0	298.0	513.0	639.0	109.0	27.0
202.0	0.0	298.0	513.0	639.0	109.0	27.0
202.0	0.0	298.0	513.0	639.0	109.0	27.0
199.0	0.0	298.0	500.0	639.0	108.0	27.0
199.0	0.0	298.0	500.0	639.0	108.0	27.0
199.0	0.0	298.0	500.0	639.0	108.0	27.0
199.0	0.0	298.0	500.0	639.0	108.0	27.0
199.0	0.0	298.0	500.0	639.0	108.0	27.0
199.0	0.0	298.0	500.0	639.0	108.0	27.0
199.0	0.0	298.0	500.0	639.0	108.0	27.0
199.0	0.0	298.0	500.0	639.0	108.0	27.0
199.0	0.0	298.0	500.0	639.0	108.0	27.0
199.0	0.0	298.0	500.0	639.0	108.0	27.0
199.0	0.0	298.0	500.0	639.0	108.0	27.0
199.0	0.0	298.0	500.0	639.0	108.0	27.0
199.0	0.0	298.0	500.0	639.0	108.0	27.0
199.0	0.0	298.0	500.0	639.0	108.0	27.0
199.0	0.0	298.0	500.0	639.0	108.0	27.0
197.0	0.0	298.0	454.0	639.0	108.0	27.0
197.0	0.0	298.0	454.0	639.0	108.0	27.0
197.0	0.0	298.0	454.0	639.0	108.0	27.0
197.0	0.0	298.0	454.0	639.0	108.0	27.0
197.0	0.0	298.0	454.0	639.0	108.0	27.0
197.0	0.0	298.0	454.0	639.0	108.0	27.0
197.0	0.0	298.0	454.0	639.0	108.0	27.0
197.0	0.0	298.0	454.0	639.0	108.0	27.0
197.0	0.0	298.0	454.0	639.0	108.0	27.0
197.0	0.0	298.0	454.0	639.0	108.0	27.0
197.0	0.0	298.0	454.0	639.0	108.0	27.0
197.0	0.0	298.0	454.0	639.0	108.0	27.0
197.0	0.0	298.0	454.0	639.0	108.0	27.0
197.0	0.0	298.0	454.0	639.0	108.0	27.0
197.0	0.0	298.0	454.0	639.0	108.0	27.0
199.0	0.0	298.0	489.0	639.0	108.0	27.0
199.0	0.0	298.0	489.0	639.0	108.0	27.0
199.0	0.0	298.0	489.0	639.0	108.0	27.0
199.0	0.0	298.0	489.0	639.0	108.0	27.0
199.0	0.0	298.0	489.0	639.0	108.0	27.0
199.0	0.0	298.0	489.0	639.0	108.0	27.0
199.0	0.0	298.0	489.0	639.0	108.0	27.0
199.0	0.0	298.0	489.0	639.0	108.0	27.0
199.0	0.0	298.0	489.0	639.0	108.0	27.0
199.0	0.0	298.0	489.0	639.0	108.0	27.0
199.0	0.0	298.0	489.0	639.0	108.0	27.0
199.0	0.0	298.0	489.0	639.0	108.0	27.0
199.0	0.0	298.0	489.0	639.0	108.0	27.0
199.0	0.0	298.0	489.0	639.0	108.0	27.0
199.0	0.0	298.0	489.0	639.0	108.0	27.0
195.0	0.0	298.0	467.0	639.0	107.0	27.0
195.0	0.0	298.0	467.0	639.0	107.0	27.0
195.0	0.0	298.0	467.0	639.0	107.0	27.0
195.0	0.0	298.0	467.0	639.0	107.0	27.0
195.0	0.0	298.0	467.0	639.0	107.0	27.0
195.0	0.0	298.0	467.0	639.0	107.0	27.0
195.0	0.0	298.0	467.0	639.0	107.0	27.0
195.0	0.0	298.0	467.0	639.0	107.0	27.0
195.0	0.0	298.0	467.0	639.0	107.0	27.0
195.0	0.0	298.0	467.0	639.0	107.0	27.0
195.0	0.0	298.0	467.0	639.0	107.0	27.0
195.0	0.0	298.0	467.0	639.0	107.0	27.0
195.0	0.0	298.0	467.0	639.0	107.0	27.0
195.0	0.0	298.0	467.0	639.0	107.0	27.0
195.0	0.0	298.0	467.0	639.0	107.0	27.0
191.0	0.0	298.0	493.0	639.0	107.0	27.0
191.0	0.0	298.0	493.0	639.0	107.0	27.0
191.0	0.0	298.0	493.0	639.0	107.0	27.0
191.0	0.0	298.0	493.0	639.0	107.0	27.0
191.0	0.0	298.0	493.0	639.0	107.0	27.0
191.0	0.0	298.0	493.0	639.0	107.0	27.0
191.0	0.0	298.0	493.0	639.0	107.0	27.0
191.0	0.0	298.0	493.0	639.0	107.0	27.0
191.0	0.0	298.0	493.0	639.0	107.0	27.0
191.0	0.0	298.0	493.0	639.0	107.0	27.0
191.0	0.0	298.0	493.0	639.0	107.0	27.0
191.0	0.0	298.0	493.0	639.0	107.0	27.0
191.0	0.0	298.0	493.0	639.0	107.0	27.0
191.0	0.0	298.0	493.0	639.0	107.0	27.0
191.0	0.0	298.0	493.0	639.0	107.0	27.0
197.0	0.0	298.0	493.0	639.0	106.0	27.0
197.0	0.0	298.0	493.0	639.0	106.0	27.0
197.0	0.0	298.0	493.0	639.0	106.0	27.0
197.0	0.0	298.0	493.0	639.0	106.0	27.0
197.0	0.0	298.0	493.0	639.0	106.0	27.0
197.0	0.0	298.0	493.0	639.0	106.0	27.0
197.0	0.0	298.0	493.0	639.0	106.0	27.0
197.0	0.0	298.0	493.0	639.0	106.0	27.0
197.0	0.0	298.0	493.0	639.0	106.0	27.0
197.0	0.0	298.0	493.0	639.0	106.0	27.0
197.0	0.0	298.0	493.0	639.0	106.0	27.0
197.0	0.0	298.0	493.0	639.0	106.0	27.0
197.0	0.0	298.0	493.0	639.0	106.0	27.0
197.0	0.0	298.0	493.0	639.0	106.0	27.0
197.0	0.0	298.0	493.0	639.0	106.0	27.0
200.0	0.0	298.0	485.0	639.0	106.0	26.0
200.0	0.0	298.0	485.0	639.0	106.0	26.0
200.0	0.0	298.0	485.0	639.0	106.0	26.0
200.0	0.0	298.0	485.0	639.0	106.0	26.0
200.0	0.0	298.0	485.0	639.0	106.0	26.0
200.0	0.0	298.0	485.0	639.0	106.0	26.0
200.0	0.0	298.0	485.0	639.0	106.0	26.0
200.0	0.0	298.0	485.0	639.0	106.0	26.0
200.0	0.0	298.0	485.0	639.0	106.0	26.0
200.0	0.0	298.0	485.0	639.0	106.0	26.0
200.0	0.0	298.0	485.0	639.0	106.0	26.0
200.0	0.0	298.0	485.0	639.0	106.0	26.0
200.0	0.0	298.0	485.0	639.0	106.0	26.0
200.0	0.0	298.0	485.0	639.0	106.0	26.0
193.0	0.0	298.0	498.0	639.0	105.0	26.0
193.0	0.0	298.0	498.0	639.0	105.0	26.0
193.0	0.0	298.0	498.0	639.0	105.0	26.0
193.0	0.0	298.0	498.0	639.0	105.0	26.0
193.0	0.0	298.0	498.0	639.0	105.0	26.0
193.0	0.0	298.0	498.0	639.0	105.0	26.0
193.0	0.0	298.0	498.0	639.0	105.0	26.0
193.0	0.0	298.0	498.0	639.0	105.0	26.0
193.0	0.0	298.0	498.0	639.0	105.0	26.0
193.0	0.0	298.0	498.0	639.0	105.0	26.0
193.0	0.0	298.0	498.0	639.0	105.0	26.0
193.0	0.0	298.0	498.0	639.0	105.0	26.0
193.0	0.0	298.0	498.0	639.0	105.0	26.0
193.0	0.0	298.0	498.0	639.0	105.0	26.0
193.0	0.0	298.0	498.0	639.0	105.0	26.0
193.0	0.0	298.0	490.0	639.0	105.0	26.0
193.0	0.0	298.0	490.0	639.0	105.0	26.0
193.0	0.0	298.0	490.0	639.0	105.0	26.0
193.0	0.0	298.0	490.0	639.0	105.0	26.0
193.0	0.0	298.0	490.0	639.0	105.0	26.0
193.0	0.0	298.0	490.0	639.0	105.0	26.0
193.0	0.0	298.0	490.0	639.0	105.0	26.0
193.0	0.0	298.0	490.0	639.0	105.0	26.0
193.0	0.0	298.0	490.0	639.0	105.0	26.0
193.0	0.0	298.0	490.0	639.0	105.0	26.0
193.0	0.0	298.0	490.0	639.0	105.0	26.0
193.0	0.0	298.0	490.0	639.0	105.0	26.0
193.0	0.0	298.0	490.0	639.0	105.0	26.0
193.0	0.0	298.0	490.0	639.0	105.0	26.0
193.0	0.0	298.0	490.0	639.0	105.0	26.0
199.0	0.0	298.0	497.0	639.0	105.0	26.0
199.0	0.0	298.0	497.0	639.0	105.0	26.0
199.0	0.0	298.0	497.0	639.0	105.0	26.0
199.0	0.0	298.0	497.0	639.0	105.0	26.0
199.0	0.0	298.0	497.0	639.0	105.0	26.0
199.0	0.0	298.0	497.0	639.0	105.0	26.0
199.0	0.0	298.0	497.0	639.0	105.0	26.0
199.0	0.0	298.0	497.0	639.0	105.0	26.0
199.0	0.0	298.0	497.0	639.0	105.0	26.0
199.0	0.0	298.0	497.0	639.0	105.0	26.0
199.0	0.0	298.0	497.0	639.0	105.0	26.0
199.0	0.0	298.0	497.0	639.0	105.0	26.0
199.0	0.0	298.0	497.0	639.0	105.0	26.0
199.0	0.0	298.0	497.0	639.0	105.0	26.0
199.0	0.0	298.0	497.0	639.0	105.0	26.0
196.0	0.0	298.0	485.0	639.0	104.0	26.0
196.0	0.0	298.0	485.0	639.0	104.0	26.0
196.0	0.0	298.0	485.0	639.0	104.0	26.0
196.0	0.0	298.0	485.0	639.0	104.0	26.0
196.0	0.0	298.0	485.0	639.0	104.0	26.0
196.0	0.0	298.0	485.0	639.0	104.0	26.0
196.0	0.0	298.0	485.0	639.0	104.0	26.0
196.0	0.0	298.0	485.0	639.0	104.0	26.0
196.0	0.0	298.0	485.0	639.0	104.0	26.0
196.0	0.0	298.0	485.0	639.0	104.0	26.0
196.0	0.0	298.0	485.0	639.0	104.0	26.0
196.0	0.0	298.0	485.0	639.0	104.0	26.0
196.0	0.0	298.0	485.0	639.0	104.0	26.0
196.0	0.0	298.0	485.0	639.0	104.0	26.0
192.0	0.0	298.0	491.0	639.0	104.0	26.0
192.0	0.0	298.0	491.0	639.0	104.0	26.0
192.0	0.0	298.0	491.0	639.0	104.0	26.0
192.0	0.0	298.0	491.0	639.0	104.0	26.0
192.0	0.0	298.0	491.0	639.0	104.0	26.0
192.0	0.0	298.0	491.0	639.0	104.0	26.0
192.0	0.0	298.0	491.0	639.0	104.0	26.0
192.0	0.0	298.0	491.0	639.0	104.0	26.0
192.0	0.0	298.0	491.0	639.0	104.0	26.0
192.0	0.0	298.0	491.0	639.0	104.0	26.0
192.0	0.0	298.0	491.0	639.0	104.0	26.0
192.0	0.0	298.0	491.0	639.0	104.0	26.0
192.0	0.0	298.0	491.0	639.0	104.0	26.0
192.0	0.0	298.0	491.0	639.0	104.0	26.0
192.0	0.0	298.0	491.0	639.0	104.0	26.0
196.0	0.0	298.0	487.0	639.0	104.0	26.0
196.0	0.0	298.0	487.0	639.0	104.0	26.0
196.0	0.0	298.0	487.0	639.0	104.0	26.0
196.0	0.0	298.0	487.0	639.0	104.0	26.0
196.0	0.0	298.0	487.0	639.0	104.0	26.0
196.0	0.0	298.0	487.0	639.0	104.0	26.0
196.0	0.0	298.0	487.0	639.0	104.0	26.0
196.0	0.0	298.0	487.0	639.0	104.0	26.0
196.0	0.0	298.0	487.0	639.0	104.0	26.0
196.0	0.0	298.0	487.0	639.0	104.0	26.0
196.0	0.0	298.0	487.0	639.0	104.0	26.0
196.0	0.0	298.0	487.0	639.0	104.0	26.0
196.0	0.0	298.0	487.0	639.0	104.0	26.0
196.0	0.0	298.0	487.0	639.0	104.0	26.0
196.0	0.0	298.0	487.0	639.0	104.0	26.0
200.0	0.0	298.0	541.0	639.0	104.0	26.0
200.0	0.0	298.0	541.0	639.0	104.0	26.0
200.0	0.0	298.0	541.0	639.0	104.0	26.0
200.0	0.0	298.0	541.0	639.0	104.0	26.0
200.0	0.0	298.0	541.0	639.0	104.0	26.0
200.0	0.0	298.0	541.0	639.0	104.0	26.0
200.0	0.0	298.0	541.0	639.0	104.0	26.0
200.0	0.0	298.0	541.0	639.0	104.0	26.0
200.0	0.0	298.0	541.0	639.0	104.0	26.0
200.0	0.0	298.0	541.0	639.0	104.0	26.0
200.0	0.0	298.0	541.0	639.0	104.0	26.0
200.0	0.0	298.0	541.0	639.0	104.0	26.0
200.0	0.0	298.0	541.0	639.0	104.0	26.0
200.0	0.0	298.0	541.0	639.0	104.0	26.0
200.0	0.0	298.0	541.0	639.0	104.0	26.0
200.0	0.0	298.0	978.0	639.0	103.0	26.0
200.0	0.0	298.0	978.0	639.0	103.0	26.0
200.0	0.0	298.0	978.0	639.0	103.0	26.0
200.0	0.0	298.0	978.0	639.0	103.0	26.0
200.0	0.0	298.0	978.0	639.0	103.0	26.0
200.0	0.0	298.0	978.0	639.0	103.0	26.0
200.0	0.0	298.0	978.0	639.0	103.0	26.0
200.0	0.0	298.0	978.0	639.0	103.0	26.0
200.0	0.0	298.0	978.0	639.0	103.0	26.0
200.0	0.0	298.0	978.0	639.0	103.0	26.0
200.0	0.0	298.0	978.0	639.0	103.0	26.0
200.0	0.0	298.0	978.0	639.0	103.0	26.0
200.0	0.0	298.0	978.0	639.0	103.0	26.0
200.0	0.0	298.0	978.0	639.0	103.0	26.0
200.0	0.0	298.0	978.0	639.0	103.0	26.0
192.0	0.0	298.0	0.0	639.0	103.0	26.0
192.0	0.0	298.0	0.0	639.0	103.0	26.0
192.0	0.0	298.0	0.0	639.0	103.0	26.0
192.0	0.0	298.0	0.0	639.0	103.0	26.0
192.0	0.0	298.0	0.0	639.0	103.0	26.0
192.0	0.0	298.0	0.0	639.0	103.0	26.0
192.0	0.0	298.0	0.0	639.0	103.0	26.0
192.0	0.0	298.0	0.0	639.0	103.0	26.0
192.0	0.0	298.0	0.0	639.0	103.0	26.0
192.0	0.0	298.0	0.0	639.0	103.0	26.0
192.0	0.0	298.0	0.0	639.0	103.0	26.0
192.0	0.0	298.0	0.0	639.0	103.0	26.0
192.0	0.0	298.0	0.0	639.0	103.0	26.0
192.0	0.0	298.0	0.0	639.0	103.0	26.0
192.0	0.0	298.0	0.0	639.0	103.0	26.0
199.0	0.0	298.0	560.0	639.0	103.0	26.0
199.0	0.0	298.0	560.0	639.0	103.0	26.0
199.0	0.0	298.0	560.0	639.0	103.0	26.0
199.0	0.0	298.0	560.0	639.0	103.0	26.0
199.0	0.0	298.0	560.0	639.0	103.0	26.0
199.0	0.0	298.0	560.0	639.0	103.0	26.0
199.0	0.0	298.0	560.0	639.0	103.0	26.0
199.0	0.0	298.0	560.0	639.0	103.0	26.0
199.0	0.0	298.0	560.0	639.0	103.0	26.0
199.0	0.0	298.0	560.0	639.0	103.0	26.0
199.0	0.0	298.0	560.0	639.0	103.0	26.0
199.0	0.0	298.0	560.0	639.0	103.0	26.0
199.0	0.0	298.0	560.0	639.0	103.0	26.0
199.0	0.0	298.0	560.0	639.0	103.0	26.0
199.0	0.0	298.0	560.0	639.0	103.0	26.0
198.0	0.0	298.0	498.0	639.0	102.0	26.0
198.0	0.0	298.0	498.0	639.0	102.0	26.0
198.0	0.0	298.0	498.0	639.0	102.0	26.0
198.0	0.0	298.0	498.0	639.0	102.0	26.0
198.0	0.0	298.0	498.0	639.0	102.0	26.0
198.0	0.0	298.0	498.0	639.0	102.0	26.0
198.0	0.0	298.0	498.0	639.0	102.0	26.0
198.0	0.0	298.0	498.0	639.0	102.0	26.0
198.0	0.0	298.0	498.0	639.0	102.0	26.0
198.0	0.0	298.0	498.0	639.0	102.0	26.0
198.0	0.0	298.0	498.0	639.0	102.0	26.0
198.0	0.0	298.0	498.0	639.0	102.0	26.0
198.0	0.0	298.0	498.0	639.0	102.0	26.0
198.0	0.0	298.0	498.0	639.0	102.0	26.0
198.0	0.0	298.0	498.0	639.0	102.0	26.0
192.0	0.0	298.0	480.0	639.0	102.0	26.0
192.0	0.0	298.0	480.0	639.0	102.0	26.0
192.0	0.0	298.0	480.0	639.0	102.0	26.0
192.0	0.0	298.0	480.0	639.0	102.0	26.0
192.0	0.0	298.0	480.0	639.0	102.0	26.0
192.0	0.0	298.0	480.0	639.0	102.0	26.0
192.0	0.0	298.0	480.0	639.0	102.0	26.0
192.0	0.0	298.0	480.0	639.0	102.0	26.0
192.0	0.0	298.0	480.0	639.0	102.0	26.0
192.0	0.0	298.0	480.0	639.0	102.0	26.0
192.0	0.0	298.0	480.0	639.0	102.0	26.0
192.0	0.0	298.0	480.0	639.0	102.0	26.0
192.0	0.0	298.0	480.0	639.0	102.0	26.0
192.0	0.0	298.0	480.0	639.0	102.0	26.0
194.0	0.0	298.0	490.0	639.0	102.0	26.0
194.0	0.0	298.0	490.0	639.0	102.0	26.0
194.0	0.0	298.0	490.0	639.0	102.0	26.0
194.0	0.0	298.0	490.0	639.0	102.0	26.0
194.0	0.0	298.0	490.0	639.0	102.0	26.0
194.0	0.0	298.0	490.0	639.0	102.0	26.0
194.0	0.0	298.0	490.0	639.0	102.0	26.0
194.0	0.0	298.0	490.0	639.0	102.0	26.0
194.0	0.0	298.0	490.0	639.0	102.0	26.0
194.0	0.0	298.0	490.0	639.0	102.0	26.0
194.0	0.0	298.0	490.0	639.0	102.0	26.0
194.0	0.0	298.0	490.0	639.0	102.0	26.0
194.0	0.0	298.0	490.0	639.0	102.0	26.0
194.0	0.0	298.0	490.0	639.0	102.0	26.0
194.0	0.0	298.0	490.0	639.0	102.0	26.0
199.0	0.0	298.0	474.0	639.0	101.0	26.0
199.0	0.0	298.0	474.0	639.0	101.0	26.0
199.0	0.0	298.0	474.0	639.0	101.0	26.0
199.0	0.0	298.0	474.0	639.0	101.0	26.0
199.0	0.0	298.0	474.0	639.0	101.0	26.0
199.0	0.0	298.0	474.0	639.0	101.0	26.0
199.0	0.0	298.0	474.0	639.0	101.0	26.0
199.0	0.0	298.0	474.0	639.0	101.0	26.0
199.0	0.0	298.0	474.0	639.0	101.0	26.0
199.0	0.0	298.0	474.0	639.0	101.0	26.0
199.0	0.0	298.0	474.0	639.0	101.0	26.0
199.0	0.0	298.0	474.0	639.0	101.0	26.0
199.0	0.0	298.0	474.0	639.0	101.0	26.0
195.0	0.0	298.0	499.0	41.0	101.0	26.0
195.0	0.0	298.0	499.0	41.0	101.0	26.0
195.0	0.0	298.0	499.0	41.0	101.0	26.0
195.0	0.0	298.0	499.0	41.0	101.0	26.0
195.0	0.0	298.0	499.0	41.0	101.0	26.0
195.0	0.0	298.0	499.0	41.0	101.0	26.0
195.0	0.0	298.0	499.0	41.0	101.0	26.0
195.0	0.0	298.0	499.0	41.0	101.0	26.0
195.0	0.0	298.0	499.0	41.0	101.0	26.0
195.0	0.0	298.0	499.0	41.0	101.0	26.0
195.0	0.0	298.0	499.0	41.0	101.0	26.0
195.0	0.0	298.0	499.0	41.0	101.0	26.0
195.0	0.0	298.0	499.0	41.0	101.0	26.0
195.0	0.0	298.0	499.0	41.0	101.0	26.0
199.0	0.0	298.0	475.0	639.0	101.0	26.0
199.0	0.0	298.0	475.0	639.0	101.0	26.0
199.0	0.0	298.0	475.0	639.0	101.0	26.0
199.0	0.0	298.0	475.0	639.0	101.0	26.0
199.0	0.0	298.0	475.0	639.0	101.0	26.0
199.0	0.0	298.0	475.0	639.0	101.0	26.0
199.0	0.0	298.0	475.0	639.0	101.0	26.0
199.0	0.0	298.0	475.0	639.0	101.0	26.0
199.0	0.0	298.0	475.0	639.0	101.0	26.0
199.0	0.0	298.0	475.0	639.0	101.0	26.0
199.0	0.0	298.0	475.0	639.0	101.0	26.0
199.0	0.0	298.0	475.0	639.0	101.0	26.0
199.0	0.0	298.0	475.0	639.0	101.0	26.0
199.0	0.0	298.0	475.0	639.0	101.0	26.0
199.0	0.0	298.0	475.0	639.0	101.0	26.0
194.0	0.0	298.0	678.0	639.0	101.0	26.0
194.0	0.0	298.0	678.0	639.0	101.0	26.0
194.0	0.0	298.0	678.0	639.0	101.0	26.0
194.0	0.0	298.0	678.0	639.0	101.0	26.0
194.0	0.0	298.0	678.0	639.0	101.0	26.0
194.0	0.0	298.0	678.0	639.0	101.0	26.0
194.0	0.0	298.0	678.0	639.0	101.0	26.0
194.0	0.0	298.0	678.0	639.0	101.0	26.0
194.0	0.0	298.0	678.0	639.0	101.0	26.0
194.0	0.0	298.0	678.0	639.0	101.0	26.0
194.0	0.0	298.0	678.0	639.0	101.0	26.0
194.0	0.0	298.0	678.0	639.0	101.0	26.0
194.0	0.0	298.0	678.0	639.0	101.0	26.0
194.0	0.0	298.0	678.0	639.0	101.0	26.0
194.0	0.0	298.0	678.0	639.0	101.0	26.0
198.0	0.0	298.0	320.0	639.0	100.0	26.0
198.0	0.0	298.0	320.0	639.0	100.0	26.0
198.0	0.0	298.0	320.0	639.0	100.0	26.0
198.0	0.0	298.0	320.0	639.0	100.0	26.0
198.0	0.0	298.0	320.0	639.0	100.0	26.0
198.0	0.0	298.0	320.0	639.0	100.0	26.0
198.0	0.0	298.0	320.0	639.0	100.0	26.0
198.0	0.0	298.0	320.0	639.0	100.0	26.0
198.0	0.0	298.0	320.0	639.0	100.0	26.0
198.0	0.0	298.0	320.0	639.0	100.0	26.0
198.0	0.0	298.0	320.0	639.0	100.0	26.0
198.0	0.0	298.0	320.0	639.0	100.0	26.0
198.0	0.0	298.0	320.0	639.0	100.0	26.0
198.0	0.0	298.0	320.0	639.0	100.0	26.0
199.0	0.0	298.0	449.0	639.0	100.0	26.0
199.0	0.0	298.0	449.0	639.0	100.0	26.0
199.0	0.0	298.0	449.0	639.0	100.0	26.0
199.0	0.0	298.0	449.0	639.0	100.0	26.0
199.0	0.0	298.0	449.0	639.0	100.0	26.0
199.0	0.0	298.0	449.0	639.0	100.0	26.0
199.0	0.0	298.0	449.0	639.0	100.0	26.0
199.0	0.0	298.0	449.0	639.0	100.0	26.0
199.0	0.0	298.0	449.0	639.0	100.0	26.0
199.0	0.0	298.0	449.0	639.0	100.0	26.0
199.0	0.0	298.0	449.0	639.0	100.0	26.0
199.0	0.0	298.0	449.0	639.0	100.0	26.0
199.0	0.0	298.0	449.0	639.0	100.0	26.0
199.0	0.0	298.0	449.0	639.0	100.0	26.0
199.0	0.0	298.0	449.0	639.0	100.0	26.0
196.0	0.0	298.0	467.0	639.0	100.0	26.0
196.0	0.0	298.0	467.0	639.0	100.0	26.0
196.0	0.0	298.0	467.0	639.0	100.0	26.0
196.0	0.0	298.0	467.0	639.0	100.0	26.0
196.0	0.0	298.0	467.0	639.0	100.0	26.0
196.0	0.0	298.0	467.0	639.0	100.0	26.0
196.0	0.0	298.0	467.0	639.0	100.0	26.0
196.0	0.0	298.0	467.0	639.0	100.0	26.0
196.0	0.0	298.0	467.0	639.0	100.0	26.0
196.0	0.0	298.0	467.0	639.0	100.0	26.0
196.0	0.0	298.0	467.0	639.0	100.0	26.0
196.0	0.0	298.0	467.0	639.0	100.0	26.0
196.0	0.0	298.0	467.0	639.0	100.0	26.0
196.0	0.0	298.0	467.0	639.0	100.0	26.0
196.0	0.0	298.0	467.0	639.0	100.0	26.0
201.0	0.0	298.0	466.0	639.0	99.0	26.0
201.0	0.0	298.0	466.0	639.0	99.0	26.0
201.0	0.0	298.0	466.0	639.0	99.0	26.0
201.0	0.0	298.0	466.0	639.0	99.0	26.0
201.0	0.0	298.0	466.0	639.0	99.0	26.0
201.0	0.0	298.0	466.0	639.0	99.0	26.0
201.0	0.0	298.0	466.0	639.0	99.0	26.0
201.0	0.0	298.0	466.0	639.0	99.0	26.0
201.0	0.0	298.0	466.0	639.0	99.0	26.0
201.0	0.0	298.0	466.0	639.0	99.0	26.0
201.0	0.0	298.0	466.0	639.0	99.0	26.0
201.0	0.0	298.0	466.0	639.0	99.0	26.0
201.0	0.0	298.0	466.0	639.0	99.0	26.0
201.0	0.0	298.0	466.0	639.0	99.0	26.0
201.0	0.0	298.0	466.0	639.0	99.0	26.0
207.0	0.0	298.0	418.0	639.0	99.0	26.0
207.0	0.0	298.0	418.0	639.0	99.0	26.0
207.0	0.0	298.0	418.0	639.0	99.0	26.0
207.0	0.0	298.0	418.0	639.0	99.0	26.0
207.0	0.0	298.0	418.0	639.0	99.0	26.0
207.0	0.0	298.0	418.0	639.0	99.0	26.0
207.0	0.0	298.0	418.0	639.0	99.0	26.0
207.0	0.0	298.0	418.0	639.0	99.0	26.0
207.0	0.0	298.0	418.0	639.0	99.0	26.0
207.0	0.0	298.0	418.0	639.0	99.0	26.0
207.0	0.0	298.0	418.0	639.0	99.0	26.0
207.0	0.0	298.0	418.0	639.0	99.0	26.0
207.0	0.0	298.0	418.0	639.0	99.0	26.0
207.0	0.0	298.0	418.0	639.0	99.0	26.0
207.0	0.0	298.0	418.0	639.0	99.0	26.0
195.0	0.0	298.0	479.0	639.0	98.0	26.0
195.0	0.0	298.0	479.0	639.0	98.0	26.0
195.0	0.0	298.0	479.0	639.0	98.0	26.0
195.0	0.0	298.0	479.0	639.0	98.0	26.0
195.0	0.0	298.0	479.0	639.0	98.0	26.0
195.0	0.0	298.0	479.0	639.0	98.0	26.0
195.0	0.0	298.0	479.0	639.0	98.0	26.0
195.0	0.0	298.0	479.0	639.0	98.0	26.0
195.0	0.0	298.0	479.0	639.0	98.0	26.0
195.0	0.0	298.0	479.0	639.0	98.0	26.0
195.0	0.0	298.0	479.0	639.0	98.0	26.0
195.0	0.0	298.0	479.0	639.0	98.0	26.0
195.0	0.0	298.0	479.0	639.0	98.0	26.0
195.0	0.0	298.0	479.0	639.0	98.0	26.0
195.0	0.0	298.0	479.0	639.0	98.0	26.0
192.0	0.0	298.0	471.0	639.0	96.0	26.0
192.0	0.0	298.0	471.0	639.0	96.0	26.0
192.0	0.0	298.0	471.0	639.0	96.0	26.0
192.0	0.0	298.0	471.0	639.0	96.0	26.0
192.0	0.0	298.0	471.0	639.0	96.0	26.0
192.0	0.0	298.0	471.0	639.0	96.0	26.0
192.0	0.0	298.0	471.0	639.0	96.0	26.0
192.0	0.0	298.0	471.0	639.0	96.0	26.0
192.0	0.0	298.0	471.0	639.0	96.0	26.0
192.0	0.0	298.0	471.0	639.0	96.0	26.0
192.0	0.0	298.0	471.0	639.0	96.0	26.0
192.0	0.0	298.0	471.0	639.0	96.0	26.0
192.0	0.0	298.0	471.0	639.0	96.0	26.0
192.0	0.0	298.0	471.0	639.0	96.0	26.0
195.0	0.0	298.0	469.0	639.0	94.0	26.0
195.0	0.0	298.0	469.0	639.0	94.0	26.0
195.0	0.0	298.0	469.0	639.0	94.0	26.0
195.0	0.0	298.0	469.0	639.0	94.0	26.0
195.0	0.0	298.0	469.0	639.0	94.0	26.0
195.0	0.0	298.0	469.0	639.0	94.0	26.0
195.0	0.0	298.0	469.0	639.0	94.0	26.0
195.0	0.0	298.0	469.0	639.0	94.0	26.0
195.0	0.0	298.0	469.0	639.0	94.0	26.0
195.0	0.0	298.0	469.0	639.0	94.0	26.0
195.0	0.0	298.0	469.0	639.0	94.0	26.0
195.0	0.0	298.0	469.0	639.0	94.0	26.0
195.0	0.0	298.0	469.0	639.0	94.0	26.0
195.0	0.0	298.0	469.0	639.0	94.0	26.0
195.0	0.0	298.0	469.0	639.0	94.0	26.0
200.0	0.0	298.0	466.0	639.0	90.0	26.0
200.0	0.0	298.0	466.0	639.0	90.0	26.0
200.0	0.0	298.0	466.0	639.0	90.0	26.0
200.0	0.0	298.0	466.0	639.0	90.0	26.0
200.0	0.0	298.0	466.0	639.0	90.0	26.0
200.0	0.0	298.0	466.0	639.0	90.0	26.0
200.0	0.0	298.0	466.0	639.0	90.0	26.0
200.0	0.0	298.0	466.0	639.0	90.0	26.0
200.0	0.0	298.0	466.0	639.0	90.0	26.0
200.0	0.0	298.0	466.0	639.0	90.0	26.0
200.0	0.0	298.0	466.0	639.0	90.0	26.0
200.0	0.0	298.0	466.0	639.0	90.0	26.0
200.0	0.0	298.0	466.0	639.0	90.0	26.0
200.0	0.0	298.0	466.0	639.0	90.0	26.0
200.0	0.0	298.0	466.0	639.0	90.0	26.0
196.0	0.0	298.0	462.0	639.0	87.0	26.0
196.0	0.0	298.0	462.0	639.0	87.0	26.0
196.0	0.0	298.0	462.0	639.0	87.0	26.0
196.0	0.0	298.0	462.0	639.0	87.0	26.0
196.0	0.0	298.0	462.0	639.0	87.0	26.0
196.0	0.0	298.0	462.0	639.0	87.0	26.0
196.0	0.0	298.0	462.0	639.0	87.0	26.0
196.0	0.0	298.0	462.0	639.0	87.0	26.0
196.0	0.0	298.0	462.0	639.0	87.0	26.0
196.0	0.0	298.0	462.0	639.0	87.0	26.0
196.0	0.0	298.0	462.0	639.0	87.0	26.0
196.0	0.0	298.0	462.0	639.0	87.0	26.0
196.0	0.0	298.0	462.0	639.0	87.0	26.0
196.0	0.0	298.0	462.0	639.0	87.0	26.0
196.0	0.0	298.0	462.0	639.0	87.0	26.0
192.0	0.0	298.0	472.0	639.0	82.0	26.0
192.0	0.0	298.0	472.0	639.0	82.0	26.0
192.0	0.0	298.0	472.0	639.0	82.0	26.0
192.0	0.0	298.0	472.0	639.0	82.0	26.0
192.0	0.0	298.0	472.0	639.0	82.0	26.0
192.0	0.0	298.0	472.0	639.0	82.0	26.0
192.0	0.0	298.0	472.0	639.0	82.0	26.0
192.0	0.0	298.0	472.0	639.0	82.0	26.0
192.0	0.0	298.0	472.0	639.0	82.0	26.0
192.0	0.0	298.0	472.0	639.0	82.0	26.0
192.0	0.0	298.0	472.0	639.0	82.0	26.0
192.0	0.0	298.0	472.0	639.0	82.0	26.0
192.0	0.0	298.0	472.0	639.0	82.0	26.0
192.0	0.0	298.0	472.0	639.0	82.0	26.0
192.0	0.0	298.0	472.0	639.0	82.0	26.0
197.0	0.0	298.0	477.0	639.0	79.0	26.0
197.0	0.0	298.0	477.0	639.0	79.0	26.0
197.0	0.0	298.0	477.0	639.0	79.0	26.0
197.0	0.0	298.0	477.0	639.0	79.0	26.0
197.0	0.0	298.0	477.0	639.0	79.0	26.0
197.0	0.0	298.0	477.0	639.0	79.0	26.0
197.0	0.0	298.0	477.0	639.0	79.0	26.0
197.0	0.0	298.0	477.0	639.0	79.0	26.0
197.0	0.0	298.0	477.0	639.0	79.0	26.0
197.0	0.0	298.0	477.0	639.0	79.0	26.0
197.0	0.0	298.0	477.0	639.0	79.0	26.0
197.0	0.0	298.0	477.0	639.0	79.0	26.0
197.0	0.0	298.0	477.0	639.0	79.0	26.0
197.0	0.0	298.0	477.0	639.0	79.0	26.0
197.0	0.0	298.0	477.0	639.0	79.0	26.0
199.0	0.0	298.0	465.0	639.0	76.0	26.0
199.0	0.0	298.0	465.0	639.0	76.0	26.0
199.0	0.0	298.0	465.0	639.0	76.0	26.0
199.0	0.0	298.0	465.0	639.0	76.0	26.0
199.0	0.0	298.0	465.0	639.0	76.0	26.0
199.0	0.0	298.0	465.0	639.0	76.0	26.0
199.0	0.0	298.0	465.0	639.0	76.0	26.0
199.0	0.0	298.0	465.0	639.0	76.0	26.0
199.0	0.0	298.0	465.0	639.0	76.0	26.0
199.0	0.0	298.0	465.0	639.0	76.0	26.0
199.0	0.0	298.0	465.0	639.0	76.0	26.0
199.0	0.0	298.0	465.0	639.0	76.0	26.0
199.0	0.0	298.0	465.0	639.0	76.0	26.0
199.0	0.0	298.0	465.0	639.0	76.0	26.0
193.0	0.0	298.0	469.0	639.0	74.0	26.0
193.0	0.0	298.0	469.0	639.0	74.0	26.0
193.0	0.0	298.0	469.0	639.0	74.0	26.0
193.0	0.0	298.0	469.0	639.0	74.0	26.0
193.0	0.0	298.0	469.0	639.0	74.0	26.0
193.0	0.0	298.0	469.0	639.0	74.0	26.0
193.0	0.0	298.0	469.0	639.0	74.0	26.0
193.0	0.0	298.0	469.0	639.0	74.0	26.0
193.0	0.0	298.0	469.0	639.0	74.0	26.0
193.0	0.0	298.0	469.0	639.0	74.0	26.0
193.0	0.0	298.0	469.0	639.0	74.0	26.0
193.0	0.0	298.0	469.0	639.0	74.0	26.0
193.0	0.0	298.0	469.0	639.0	74.0	26.0
193.0	0.0	298.0	469.0	639.0	74.0	26.0
193.0	0.0	298.0	469.0	639.0	74.0	26.0
193.0	0.0	298.0	475.0	639.0	71.0	26.0
193.0	0.0	298.0	475.0	639.0	71.0	26.0
193.0	0.0	298.0	475.0	639.0	71.0	26.0
193.0	0.0	298.0	475.0	639.0	71.0	26.0
193.0	0.0	298.0	475.0	639.0	71.0	26.0
193.0	0.0	298.0	475.0	639.0	71.0	26.0
193.0	0.0	298.0	475.0	639.0	71.0	26.0
193.0	0.0	298.0	475.0	639.0	71.0	26.0
193.0	0.0	298.0	475.0	639.0	71.0	26.0
193.0	0.0	298.0	475.0	639.0	71.0	26.0
193.0	0.0	298.0	475.0	639.0	71.0	26.0
193.0	0.0	298.0	475.0	639.0	71.0	26.0
193.0	0.0	298.0	475.0	639.0	71.0	26.0
193.0	0.0	298.0	475.0	639.0	71.0	26.0
193.0	0.0	298.0	475.0	639.0	71.0	26.0
199.0	0.0	298.0	470.0	639.0	69.0	25.0
199.0	0.0	298.0	470.0	639.0	69.0	25.0
199.0	0.0	298.0	470.0	639.0	69.0	25.0
199.0	0.0	298.0	470.0	639.0	69.0	25.0
199.0	0.0	298.0	470.0	639.0	69.0	25.0
199.0	0.0	298.0	470.0	639.0	69.0	25.0
199.0	0.0	298.0	470.0	639.0	69.0	25.0
199.0	0.0	298.0	470.0	639.0	69.0	25.0
199.0	0.0	298.0	470.0	639.0	69.0	25.0
199.0	0.0	298.0	470.0	639.0	69.0	25.0
199.0	0.0	298.0	470.0	639.0	69.0	25.0
199.0	0.0	298.0	470.0	639.0	69.0	25.0
199.0	0.0	298.0	470.0	639.0	69.0	25.0
199.0	0.0	298.0	470.0	639.0	69.0	25.0
199.0	0.0	298.0	470.0	639.0	69.0	25.0
198.0	0.0	298.0	473.0	639.0	66.0	25.0
198.0	0.0	298.0	473.0	639.0	66.0	25.0
198.0	0.0	298.0	473.0	639.0	66.0	25.0
198.0	0.0	298.0	473.0	639.0	66.0	25.0
198.0	0.0	298.0	473.0	639.0	66.0	25.0
198.0	0.0	298.0	473.0	639.0	66.0	25.0
198.0	0.0	298.0	473.0	639.0	66.0	25.0
198.0	0.0	298.0	473.0	639.0	66.0	25.0
198.0	0.0	298.0	473.0	639.0	66.0	25.0
198.0	0.0	298.0	473.0	639.0	66.0	25.0
198.0	0.0	298.0	473.0	639.0	66.0	25.0
198.0	0.0	298.0	473.0	639.0	66.0	25.0
198.0	0.0	298.0	473.0	639.0	66.0	25.0
198.0	0.0	298.0	473.0	639.0	66.0	25.0
198.0	0.0	298.0	473.0	639.0	66.0	25.0
192.0	0.0	298.0	473.0	639.0	64.0	25.0
192.0	0.0	298.0	473.0	639.0	64.0	25.0
192.0	0.0	298.0	473.0	639.0	64.0	25.0
192.0	0.0	298.0	473.0	639.0	64.0	25.0
192.0	0.0	298.0	473.0	639.0	64.0	25.0
192.0	0.0	298.0	473.0	639.0	64.0	25.0
192.0	0.0	298.0	473.0	639.0	64.0	25.0
192.0	0.0	298.0	473.0	639.0	64.0	25.0
192.0	0.0	298.0	473.0	639.0	64.0	25.0
192.0	0.0	298.0	473.0	639.0	64.0	25.0
192.0	0.0	298.0	473.0	639.0	64.0	25.0
192.0	0.0	298.0	473.0	639.0	64.0	25.0
192.0	0.0	298.0	473.0	639.0	64.0	25.0
192.0	0.0	298.0	473.0	639.0	64.0	25.0
192.0	0.0	298.0	473.0	639.0	64.0	25.0
195.0	0.0	298.0	471.0	639.0	62.0	25.0
195.0	0.0	298.0	471.0	639.0	62.0	25.0
195.0	0.0	298.0	471.0	639.0	62.0	25.0
195.0	0.0	298.0	471.0	639.0	62.0	25.0
195.0	0.0	298.0	471.0	639.0	62.0	25.0
195.0	0.0	298.0	471.0	639.0	62.0	25.0
195.0	0.0	298.0	471.0	639.0	62.0	25.0
195.0	0.0	298.0	471.0	639.0	62.0	25.0
195.0	0.0	298.0	471.0	639.0	62.0	25.0
195.0	0.0	298.0	471.0	639.0	62.0	25.0
195.0	0.0	298.0	471.0	639.0	62.0	25.0
195.0	0.0	298.0	471.0	639.0	62.0	25.0
195.0	0.0	298.0	471.0	639.0	62.0	25.0
195.0	0.0	298.0	471.0	639.0	62.0	25.0
200.0	0.0	298.0	472.0	639.0	60.0	25.0
200.0	0.0	298.0	472.0	639.0	60.0	25.0
200.0	0.0	298.0	472.0	639.0	60.0	25.0
200.0	0.0	298.0	472.0	639.0	60.0	25.0
200.0	0.0	298.0	472.0	639.0	60.0	25.0
200.0	0.0	298.0	472.0	639.0	60.0	25.0
200.0	0.0	298.0	472.0	639.0	60.0	25.0
200.0	0.0	298.0	472.0	639.0	60.0	25.0
200.0	0.0	298.0	472.0	639.0	60.0	25.0
200.0	0.0	298.0	472.0	639.0	60.0	25.0
200.0	0.0	298.0	472.0	639.0	60.0	25.0
200.0	0.0	298.0	472.0	639.0	60.0	25.0
200.0	0.0	298.0	472.0	639.0	60.0	25.0
200.0	0.0	298.0	472.0	639.0	60.0	25.0
200.0	0.0	298.0	472.0	639.0	60.0	25.0
195.0	0.0	298.0	460.0	639.0	58.0	25.0
195.0	0.0	298.0	460.0	639.0	58.0	25.0
195.0	0.0	298.0	460.0	639.0	58.0	25.0
195.0	0.0	298.0	460.0	639.0	58.0	25.0
195.0	0.0	298.0	460.0	639.0	58.0	25.0
195.0	0.0	298.0	460.0	639.0	58.0	25.0
195.0	0.0	298.0	460.0	639.0	58.0	25.0
195.0	0.0	298.0	460.0	639.0	58.0	25.0
195.0	0.0	298.0	460.0	639.0	58.0	25.0
195.0	0.0	298.0	460.0	639.0	58.0	25.0
195.0	0.0	298.0	460.0	639.0	58.0	25.0
195.0	0.0	298.0	460.0	639.0	58.0	25.0
195.0	0.0	298.0	460.0	639.0	58.0	25.0
195.0	0.0	298.0	460.0	639.0	58.0	25.0
195.0	0.0	298.0	460.0	639.0	58.0	25.0
192.0	0.0	298.0	510.0	639.0	57.0	25.0
192.0	0.0	298.0	510.0	639.0	57.0	25.0
192.0	0.0	298.0	510.0	639.0	57.0	25.0
192.0	0.0	298.0	510.0	639.0	57.0	25.0
192.0	0.0	298.0	510.0	639.0	57.0	25.0
192.0	0.0	298.0	510.0	639.0	57.0	25.0
192.0	0.0	298.0	510.0	639.0	57.0	25.0
192.0	0.0	298.0	510.0	639.0	57.0	25.0
192.0	0.0	298.0	510.0	639.0	57.0	25.0
192.0	0.0	298.0	510.0	639.0	57.0	25.0
192.0	0.0	298.0	510.0	639.0	57.0	25.0
192.0	0.0	298.0	510.0	639.0	57.0	25.0
192.0	0.0	298.0	510.0	639.0	57.0	25.0
192.0	0.0	298.0	510.0	639.0	57.0	25.0
192.0	0.0	298.0	510.0	639.0	57.0	25.0
197.0	0.0	298.0	541.0	639.0	55.0	25.0
197.0	0.0	298.0	541.0	639.0	55.0	25.0
197.0	0.0	298.0	541.0	639.0	55.0	25.0
197.0	0.0	298.0	541.0	639.0	55.0	25.0
197.0	0.0	298.0	541.0	639.0	55.0	25.0
197.0	0.0	298.0	541.0	639.0	55.0	25.0
197.0	0.0	298.0	541.0	639.0	55.0	25.0
197.0	0.0	298.0	541.0	639.0	55.0	25.0
197.0	0.0	298.0	541.0	639.0	55.0	25.0
197.0	0.0	298.0	541.0	639.0	55.0	25.0
197.0	0.0	298.0	541.0	639.0	55.0	25.0
197.0	0.0	298.0	541.0	639.0	55.0	25.0
197.0	0.0	298.0	541.0	639.0	55.0	25.0
197.0	0.0	298.0	541.0	639.0	55.0	25.0
197.0	0.0	298.0	541.0	639.0	55.0	25.0
199.0	0.0	298.0	565.0	639.0	53.0	25.0
199.0	0.0	298.0	565.0	639.0	53.0	25.0
199.0	0.0	298.0	565.0	639.0	53.0	25.0
199.0	0.0	298.0	565.0	639.0	53.0	25.0
199.0	0.0	298.0	565.0	639.0	53.0	25.0
199.0	0.0	298.0	565.0	639.0	53.0	25.0
199.0	0.0	298.0	565.0	639.0	53.0	25.0
199.0	0.0	298.0	565.0	639.0	53.0	25.0
199.0	0.0	298.0	565.0	639.0	53.0	25.0
199.0	0.0	298.0	565.0	639.0	53.0	25.0
199.0	0.0	298.0	565.0	639.0	53.0	25.0
199.0	0.0	298.0	565.0	639.0	53.0	25.0
199.0	0.0	298.0	565.0	639.0	53.0	25.0
199.0	0.0	298.0	565.0	639.0	53.0	25.0
193.0	0.0	298.0	753.0	639.0	51.0	25.0
193.0	0.0	298.0	753.0	639.0	51.0	25.0
193.0	0.0	298.0	753.0	639.0	51.0	25.0
193.0	0.0	298.0	753.0	639.0	51.0	25.0
193.0	0.0	298.0	753.0	639.0	51.0	25.0
193.0	0.0	298.0	753.0	639.0	51.0	25.0
193.0	0.0	298.0	753.0	639.0	51.0	25.0
193.0	0.0	298.0	753.0	639.0	51.0	25.0
193.0	0.0	298.0	753.0	639.0	51.0	25.0
193.0	0.0	298.0	753.0	639.0	51.0	25.0
193.0	0.0	298.0	753.0	639.0	51.0	25.0
193.0	0.0	298.0	753.0	639.0	51.0	25.0
193.0	0.0	298.0	753.0	639.0	51.0	25.0
193.0	0.0	298.0	753.0	639.0	51.0	25.0
193.0	0.0	298.0	753.0	639.0	51.0	25.0
192.0	0.0	298.0	0.0	639.0	50.0	25.0
192.0	0.0	298.0	0.0	639.0	50.0	25.0
192.0	0.0	298.0	0.0	639.0	50.0	25.0
192.0	0.0	298.0	0.0	639.0	50.0	25.0
192.0	0.0	298.0	0.0	639.0	50.0	25.0
192.0	0.0	298.0	0.0	639.0	50.0	25.0
192.0	0.0	298.0	0.0	639.0	50.0	25.0
192.0	0.0	298.0	0.0	639.0	50.0	25.0
192.0	0.0	298.0	0.0	639.0	50.0	25.0
192.0	0.0	298.0	0.0	639.0	50.0	25.0
192.0	0.0	298.0	0.0	639.0	50.0	25.0
192.0	0.0	298.0	0.0	639.0	50.0	25.0
192.0	0.0	298.0	0.0	639.0	50.0	25.0
192.0	0.0	298.0	0.0	639.0	50.0	25.0
192.0	0.0	298.0	0.0	639.0	50.0	25.0
199.0	0.0	298.0	122.0	639.0	48.0	25.0
199.0	0.0	298.0	122.0	639.0	48.0	25.0
199.0	0.0	298.0	122.0	639.0	48.0	25.0
199.0	0.0	298.0	122.0	639.0	48.0	25.0
199.0	0.0	298.0	122.0	639.0	48.0	25.0
199.0	0.0	298.0	122.0	639.0	48.0	25.0
199.0	0.0	298.0	122.0	639.0	48.0	25.0
199.0	0.0	298.0	122.0	639.0	48.0	25.0
199.0	0.0	298.0	122.0	639.0	48.0	25.0
199.0	0.0	298.0	122.0	639.0	48.0	25.0
199.0	0.0	298.0	122.0	639.0	48.0	25.0
199.0	0.0	298.0	122.0	639.0	48.0	25.0
199.0	0.0	298.0	122.0	639.0	48.0	25.0
199.0	0.0	298.0	122.0	639.0	48.0	25.0
199.0	0.0	298.0	122.0	639.0	48.0	25.0
197.0	0.0	298.0	498.0	639.0	47.0	25.0
197.0	0.0	298.0	498.0	639.0	47.0	25.0
197.0	0.0	298.0	498.0	639.0	47.0	25.0
197.0	0.0	298.0	498.0	639.0	47.0	25.0
197.0	0.0	298.0	498.0	639.0	47.0	25.0
197.0	0.0	298.0	498.0	639.0	47.0	25.0
197.0	0.0	298.0	498.0	639.0	47.0	25.0
197.0	0.0	298.0	498.0	639.0	47.0	25.0
197.0	0.0	298.0	498.0	639.0	47.0	25.0
197.0	0.0	298.0	498.0	639.0	47.0	25.0
197.0	0.0	298.0	498.0	639.0	47.0	25.0
197.0	0.0	298.0	498.0	639.0	47.0	25.0
197.0	0.0	298.0	498.0	639.0	47.0	25.0
197.0	0.0	298.0	498.0	639.0	47.0	25.0
197.0	0.0	298.0	498.0	639.0	47.0	25.0
192.0	0.0	298.0	482.0	639.0	46.0	25.0
192.0	0.0	298.0	482.0	639.0	46.0	25.0
192.0	0.0	298.0	482.0	639.0	46.0	25.0
192.0	0.0	298.0	482.0	639.0	46.0	25.0
192.0	0.0	298.0	482.0	639.0	46.0	25.0
192.0	0.0	298.0	482.0	639.0	46.0	25.0
192.0	0.0	298.0	482.0	639.0	46.0	25.0
192.0	0.0	298.0	482.0	639.0	46.0	25.0
192.0	0.0	298.0	482.0	639.0	46.0	25.0
192.0	0.0	298.0	482.0	639.0	46.0	25.0
192.0	0.0	298.0	482.0	639.0	46.0	25.0
192.0	0.0	298.0	482.0	639.0	46.0	25.0
192.0	0.0	298.0	482.0	639.0	46.0	25.0
192.0	0.0	298.0	482.0	639.0	46.0	25.0
192.0	0.0	298.0	482.0	639.0	46.0	25.0
195.0	0.0	298.0	468.0	639.0	45.0	25.0
195.0	0.0	298.0	468.0	639.0	45.0	25.0
195.0	0.0	298.0	468.0	639.0	45.0	25.0
195.0	0.0	298.0	468.0	639.0	45.0	25.0
195.0	0.0	298.0	468.0	639.0	45.0	25.0
195.0	0.0	298.0	468.0	639.0	45.0	25.0
195.0	0.0	298.0	468.0	639.0	45.0	25.0
195.0	0.0	298.0	468.0	639.0	45.0	25.0
195.0	0.0	298.0	468.0	639.0	45.0	25.0
195.0	0.0	298.0	468.0	639.0	45.0	25.0
195.0	0.0	298.0	468.0	639.0	45.0	25.0
195.0	0.0	298.0	468.0	639.0	45.0	25.0
195.0	0.0	298.0	468.0	639.0	45.0	25.0
195.0	0.0	298.0	468.0	639.0	45.0	25.0
195.0	0.0	298.0	468.0	639.0	45.0	25.0
200.0	0.0	298.0	473.0	639.0	45.0	25.0
200.0	0.0	298.0	473.0	639.0	45.0	25.0
200.0	0.0	298.0	473.0	639.0	45.0	25.0
200.0	0.0	298.0	473.0	639.0	45.0	25.0
200.0	0.0	298.0	473.0	639.0	45.0	25.0
200.0	0.0	298.0	473.0	639.0	45.0	25.0
200.0	0.0	298.0	473.0	639.0	45.0	25.0
200.0	0.0	298.0	473.0	639.0	45.0	25.0
200.0	0.0	298.0	473.0	639.0	45.0	25.0
200.0	0.0	298.0	473.0	639.0	45.0	25.0
200.0	0.0	298.0	473.0	639.0	45.0	25.0
200.0	0.0	298.0	473.0	639.0	45.0	25.0
200.0	0.0	298.0	473.0	639.0	45.0	25.0
200.0	0.0	298.0	473.0	639.0	45.0	25.0
200.0	0.0	298.0	473.0	639.0	45.0	25.0
195.0	0.0	298.0	465.0	639.0	44.0	25.0
195.0	0.0	298.0	465.0	639.0	44.0	25.0
195.0	0.0	298.0	465.0	639.0	44.0	25.0
195.0	0.0	298.0	465.0	639.0	44.0	25.0
195.0	0.0	298.0	465.0	639.0	44.0	25.0
195.0	0.0	298.0	465.0	639.0	44.0	25.0
195.0	0.0	298.0	465.0	639.0	44.0	25.0
195.0	0.0	298.0	465.0	639.0	44.0	25.0
195.0	0.0	298.0	465.0	639.0	44.0	25.0
195.0	0.0	298.0	465.0	639.0	44.0	25.0
195.0	0.0	298.0	465.0	639.0	44.0	25.0
195.0	0.0	298.0	465.0	639.0	44.0	25.0
195.0	0.0	298.0	465.0	639.0	44.0	25.0
195.0	0.0	298.0	465.0	639.0	44.0	25.0
194.0	0.0	298.0	449.0	639.0	43.0	25.0
194.0	0.0	298.0	449.0	639.0	43.0	25.0
194.0	0.0	298.0	449.0	639.0	43.0	25.0
194.0	0.0	298.0	449.0	639.0	43.0	25.0
194.0	0.0	298.0	449.0	639.0	43.0	25.0
194.0	0.0	298.0	449.0	639.0	43.0	25.0
194.0	0.0	298.0	449.0	639.0	43.0	25.0
194.0	0.0	298.0	449.0	639.0	43.0	25.0
194.0	0.0	298.0	449.0	639.0	43.0	25.0
194.0	0.0	298.0	449.0	639.0	43.0	25.0
194.0	0.0	298.0	449.0	639.0	43.0	25.0
194.0	0.0	298.0	449.0	639.0	43.0	25.0
194.0	0.0	298.0	449.0	639.0	43.0	25.0
194.0	0.0	298.0	449.0	639.0	43.0	25.0
194.0	0.0	298.0	449.0	639.0	43.0	25.0
201.0	0.0	298.0	462.0	639.0	43.0	25.0
201.0	0.0	298.0	462.0	639.0	43.0	25.0
201.0	0.0	298.0	462.0	639.0	43.0	25.0
201.0	0.0	298.0	462.0	639.0	43.0	25.0
201.0	0.0	298.0	462.0	639.0	43.0	25.0
201.0	0.0	298.0	462.0	639.0	43.0	25.0
201.0	0.0	298.0	462.0	639.0	43.0	25.0
201.0	0.0	298.0	462.0	639.0	43.0	25.0
201.0	0.0	298.0	462.0	639.0	43.0	25.0
201.0	0.0	298.0	462.0	639.0	43.0	25.0
201.0	0.0	298.0	462.0	639.0	43.0	25.0
201.0	0.0	298.0	462.0	639.0	43.0	25.0
201.0	0.0	298.0	462.0	639.0	43.0	25.0
201.0	0.0	298.0	462.0	639.0	43.0	25.0
201.0	0.0	298.0	462.0	639.0	43.0	25.0
200.0	0.0	298.0	448.0	639.0	43.0	25.0
200.0	0.0	298.0	448.0	639.0	43.0	25.0
200.0	0.0	298.0	448.0	639.0	43.0	25.0
200.0	0.0	298.0	448.0	639.0	43.0	25.0
200.0	0.0	298.0	448.0	639.0	43.0	25.0
200.0	0.0	298.0	448.0	639.0	43.0	25.0
200.0	0.0	298.0	448.0	639.0	43.0	25.0
200.0	0.0	298.0	448.0	639.0	43.0	25.0
200.0	0.0	298.0	448.0	639.0	43.0	25.0
200.0	0.0	298.0	448.0	639.0	43.0	25.0
200.0	0.0	298.0	448.0	639.0	43.0	25.0
200.0	0.0	298.0	448.0	639.0	43.0	25.0
200.0	0.0	298.0	448.0	639.0	43.0	25.0
200.0	0.0	298.0	448.0	639.0	43.0	25.0
200.0	0.0	298.0	448.0	639.0	43.0	25.0
195.0	0.0	298.0	467.0	639.0	43.0	25.0
195.0	0.0	298.0	467.0	639.0	43.0	25.0
195.0	0.0	298.0	467.0	639.0	43.0	25.0
195.0	0.0	298.0	467.0	639.0	43.0	25.0
195.0	0.0	298.0	467.0	639.0	43.0	25.0
195.0	0.0	298.0	467.0	639.0	43.0	25.0
195.0	0.0	298.0	467.0	639.0	43.0	25.0
195.0	0.0	298.0	467.0	639.0	43.0	25.0
195.0	0.0	298.0	467.0	639.0	43.0	25.0
195.0	0.0	298.0	467.0	639.0	43.0	25.0
195.0	0.0	298.0	467.0	639.0	43.0	25.0
195.0	0.0	298.0	467.0	639.0	43.0	25.0
195.0	0.0	298.0	467.0	639.0	43.0	25.0
195.0	0.0	298.0	467.0	639.0	43.0	25.0
195.0	0.0	298.0	467.0	639.0	43.0	25.0
195.0	0.0	298.0	478.0	639.0	43.0	25.0
195.0	0.0	298.0	478.0	639.0	43.0	25.0
195.0	0.0	298.0	478.0	639.0	43.0	25.0
195.0	0.0	298.0	478.0	639.0	43.0	25.0
195.0	0.0	298.0	478.0	639.0	43.0	25.0
195.0	0.0	298.0	478.0	639.0	43.0	25.0
195.0	0.0	298.0	478.0	639.0	43.0	25.0
195.0	0.0	298.0	478.0	639.0	43.0	25.0
195.0	0.0	298.0	478.0	639.0	43.0	25.0
195.0	0.0	298.0	478.0	639.0	43.0	25.0
195.0	0.0	298.0	478.0	639.0	43.0	25.0
195.0	0.0	298.0	478.0	639.0	43.0	25.0
195.0	0.0	298.0	478.0	639.0	43.0	25.0
195.0	0.0	298.0	478.0	639.0	43.0	25.0
195.0	0.0	298.0	478.0	639.0	43.0	25.0
201.0	0.0	298.0	477.0	639.0	43.0	25.0
201.0	0.0	298.0	477.0	639.0	43.0	25.0
201.0	0.0	298.0	477.0	639.0	43.0	25.0
201.0	0.0	298.0	477.0	639.0	43.0	25.0
201.0	0.0	298.0	477.0	639.0	43.0	25.0
201.0	0.0	298.0	477.0	639.0	43.0	25.0
201.0	0.0	298.0	477.0	639.0	43.0	25.0
201.0	0.0	298.0	477.0	639.0	43.0	25.0
201.0	0.0	298.0	477.0	639.0	43.0	25.0
201.0	0.0	298.0	477.0	639.0	43.0	25.0
201.0	0.0	298.0	477.0	639.0	43.0	25.0
201.0	0.0	298.0	477.0	639.0	43.0	25.0
201.0	0.0	298.0	477.0	639.0	43.0	25.0
201.0	0.0	298.0	477.0	639.0	43.0	25.0
198.0	0.0	298.0	451.0	639.0	42.0	25.0
198.0	0.0	298.0	451.0	639.0	42.0	25.0
198.0	0.0	298.0	451.0	639.0	42.0	25.0
198.0	0.0	298.0	451.0	639.0	42.0	25.0
198.0	0.0	298.0	451.0	639.0	42.0	25.0
198.0	0.0	298.0	451.0	639.0	42.0	25.0
198.0	0.0	298.0	451.0	639.0	42.0	25.0
198.0	0.0	298.0	451.0	639.0	42.0	25.0
198.0	0.0	298.0	451.0	639.0	42.0	25.0
198.0	0.0	298.0	451.0	639.0	42.0	25.0
198.0	0.0	298.0	451.0	639.0	42.0	25.0
198.0	0.0	298.0	451.0	639.0	42.0	25.0
198.0	0.0	298.0	451.0	639.0	42.0	25.0
198.0	0.0	298.0	451.0	639.0	42.0	25.0
198.0	0.0	298.0	451.0	639.0	42.0	25.0
192.0	0.0	298.0	472.0	639.0	42.0	25.0
192.0	0.0	298.0	472.0	639.0	42.0	25.0
192.0	0.0	298.0	472.0	639.0	42.0	25.0
192.0	0.0	298.0	472.0	639.0	42.0	25.0
192.0	0.0	298.0	472.0	639.0	42.0	25.0
192.0	0.0	298.0	472.0	639.0	42.0	25.0
192.0	0.0	298.0	472.0	639.0	42.0	25.0
192.0	0.0	298.0	472.0	639.0	42.0	25.0
192.0	0.0	298.0	472.0	639.0	42.0	25.0
192.0	0.0	298.0	472.0	639.0	42.0	25.0
192.0	0.0	298.0	472.0	639.0	42.0	25.0
192.0	0.0	298.0	472.0	639.0	42.0	25.0
192.0	0.0	298.0	472.0	639.0	42.0	25.0
192.0	0.0	298.0	472.0	639.0	42.0	25.0
192.0	0.0	298.0	472.0	639.0	42.0	25.0
196.0	0.0	298.0	483.0	639.0	42.0	25.0
196.0	0.0	298.0	483.0	639.0	42.0	25.0
196.0	0.0	298.0	483.0	639.0	42.0	25.0
196.0	0.0	298.0	483.0	639.0	42.0	25.0
196.0	0.0	298.0	483.0	639.0	42.0	25.0
196.0	0.0	298.0	483.0	639.0	42.0	25.0
196.0	0.0	298.0	483.0	639.0	42.0	25.0
196.0	0.0	298.0	483.0	639.0	42.0	25.0
196.0	0.0	298.0	483.0	639.0	42.0	25.0
196.0	0.0	298.0	483.0	639.0	42.0	25.0
196.0	0.0	298.0	483.0	639.0	42.0	25.0
196.0	0.0	298.0	483.0	639.0	42.0	25.0
196.0	0.0	298.0	483.0	639.0	42.0	25.0
196.0	0.0	298.0	483.0	639.0	42.0	25.0
196.0	0.0	298.0	483.0	639.0	42.0	25.0
200.0	0.0	298.0	472.0	639.0	41.0	25.0
200.0	0.0	298.0	472.0	639.0	41.0	25.0
200.0	0.0	298.0	472.0	639.0	41.0	25.0
200.0	0.0	298.0	472.0	639.0	41.0	25.0
200.0	0.0	298.0	472.0	639.0	41.0	25.0
200.0	0.0	298.0	472.0	639.0	41.0	25.0
200.0	0.0	298.0	472.0	639.0	41.0	25.0
200.0	0.0	298.0	472.0	639.0	41.0	25.0
200.0	0.0	298.0	472.0	639.0	41.0	25.0
200.0	0.0	298.0	472.0	639.0	41.0	25.0
200.0	0.0	298.0	472.0	639.0	41.0	25.0
200.0	0.0	298.0	472.0	639.0	41.0	25.0
200.0	0.0	298.0	472.0	639.0	41.0	25.0
200.0	0.0	298.0	472.0	639.0	41.0	25.0
200.0	0.0	298.0	472.0	639.0	41.0	25.0
194.0	0.0	298.0	463.0	639.0	41.0	25.0
194.0	0.0	298.0	463.0	639.0	41.0	25.0
194.0	0.0	298.0	463.0	639.0	41.0	25.0
194.0	0.0	298.0	463.0	639.0	41.0	25.0
194.0	0.0	298.0	463.0	639.0	41.0	25.0
194.0	0.0	298.0	463.0	639.0	41.0	25.0
194.0	0.0	298.0	463.0	639.0	41.0	25.0
194.0	0.0	298.0	463.0	639.0	41.0	25.0
194.0	0.0	298.0	463.0	639.0	41.0	25.0
194.0	0.0	298.0	463.0	639.0	41.0	25.0
194.0	0.0	298.0	463.0	639.0	41.0	25.0
194.0	0.0	298.0	463.0	639.0	41.0	25.0
194.0	0.0	298.0	463.0	639.0	41.0	25.0
194.0	0.0	298.0	463.0	639.0	41.0	25.0
193.0	0.0	298.0	476.0	639.0	42.0	25.0
193.0	0.0	298.0	476.0	639.0	42.0	25.0
193.0	0.0	298.0	476.0	639.0	42.0	25.0
193.0	0.0	298.0	476.0	639.0	42.0	25.0
193.0	0.0	298.0	476.0	639.0	42.0	25.0
193.0	0.0	298.0	476.0	639.0	42.0	25.0
193.0	0.0	298.0	476.0	639.0	42.0	25.0
193.0	0.0	298.0	476.0	639.0	42.0	25.0
193.0	0.0	298.0	476.0	639.0	42.0	25.0
193.0	0.0	298.0	476.0	639.0	42.0	25.0
193.0	0.0	298.0	476.0	639.0	42.0	25.0
193.0	0.0	298.0	476.0	639.0	42.0	25.0
193.0	0.0	298.0	476.0	639.0	42.0	25.0
193.0	0.0	298.0	476.0	639.0	42.0	25.0
193.0	0.0	298.0	476.0	639.0	42.0	25.0
199.0	0.0	298.0	474.0	639.0	41.0	25.0
199.0	0.0	298.0	474.0	639.0	41.0	25.0
199.0	0.0	298.0	474.0	639.0	41.0	25.0
199.0	0.0	298.0	474.0	639.0	41.0	25.0
199.0	0.0	298.0	474.0	639.0	41.0	25.0
199.0	0.0	298.0	474.0	639.0	41.0	25.0
199.0	0.0	298.0	474.0	639.0	41.0	25.0
199.0	0.0	298.0	474.0	639.0	41.0	25.0
199.0	0.0	298.0	474.0	639.0	41.0	25.0
199.0	0.0	298.0	474.0	639.0	41.0	25.0
199.0	0.0	298.0	474.0	639.0	41.0	25.0
199.0	0.0	298.0	474.0	639.0	41.0	25.0
199.0	0.0	298.0	474.0	639.0	41.0	25.0
199.0	0.0	298.0	474.0	639.0	41.0	25.0
199.0	0.0	298.0	474.0	639.0	41.0	25.0
199.0	0.0	298.0	458.0	639.0	41.0	25.0
199.0	0.0	298.0	458.0	639.0	41.0	25.0
199.0	0.0	298.0	458.0	639.0	41.0	25.0
199.0	0.0	298.0	458.0	639.0	41.0	25.0
199.0	0.0	298.0	458.0	639.0	41.0	25.0
199.0	0.0	298.0	458.0	639.0	41.0	25.0
199.0	0.0	298.0	458.0	639.0	41.0	25.0
199.0	0.0	298.0	458.0	639.0	41.0	25.0
199.0	0.0	298.0	458.0	639.0	41.0	25.0
199.0	0.0	298.0	458.0	639.0	41.0	25.0
199.0	0.0	298.0	458.0	639.0	41.0	25.0
199.0	0.0	298.0	458.0	639.0	41.0	25.0
199.0	0.0	298.0	458.0	639.0	41.0	25.0
199.0	0.0	298.0	458.0	639.0	41.0	25.0
199.0	0.0	298.0	458.0	639.0	41.0	25.0
193.0	0.0	298.0	468.0	639.0	41.0	25.0
193.0	0.0	298.0	468.0	639.0	41.0	25.0
193.0	0.0	298.0	468.0	639.0	41.0	25.0
193.0	0.0	298.0	468.0	639.0	41.0	25.0
193.0	0.0	298.0	468.0	639.0	41.0	25.0
193.0	0.0	298.0	468.0	639.0	41.0	25.0
193.0	0.0	298.0	468.0	639.0	41.0	25.0
193.0	0.0	298.0	468.0	639.0	41.0	25.0
193.0	0.0	298.0	468.0	639.0	41.0	25.0
193.0	0.0	298.0	468.0	639.0	41.0	25.0
193.0	0.0	298.0	468.0	639.0	41.0	25.0
193.0	0.0	298.0	468.0	639.0	41.0	25.0
193.0	0.0	298.0	468.0	639.0	41.0	25.0
193.0	0.0	298.0	468.0	639.0	41.0	25.0
193.0	0.0	298.0	468.0	639.0	41.0	25.0
194.0	0.0	298.0	475.0	639.0	41.0	25.0
194.0	0.0	298.0	475.0	639.0	41.0	25.0
194.0	0.0	298.0	475.0	639.0	41.0	25.0
194.0	0.0	298.0	475.0	639.0	41.0	25.0
194.0	0.0	298.0	475.0	639.0	41.0	25.0
194.0	0.0	298.0	475.0	639.0	41.0	25.0
194.0	0.0	298.0	475.0	639.0	41.0	25.0
194.0	0.0	298.0	475.0	639.0	41.0	25.0
194.0	0.0	298.0	475.0	639.0	41.0	25.0
194.0	0.0	298.0	475.0	639.0	41.0	25.0
194.0	0.0	298.0	475.0	639.0	41.0	25.0
194.0	0.0	298.0	475.0	639.0	41.0	25.0
194.0	0.0	298.0	475.0	639.0	41.0	25.0
194.0	0.0	298.0	475.0	639.0	41.0	25.0
194.0	0.0	298.0	475.0	639.0	41.0	25.0
200.0	0.0	298.0	466.0	639.0	41.0	25.0
200.0	0.0	298.0	466.0	639.0	41.0	25.0
200.0	0.0	298.0	466.0	639.0	41.0	25.0
200.0	0.0	298.0	466.0	639.0	41.0	25.0
200.0	0.0	298.0	466.0	639.0	41.0	25.0
200.0	0.0	298.0	466.0	639.0	41.0	25.0
200.0	0.0	298.0	466.0	639.0	41.0	25.0
200.0	0.0	298.0	466.0	639.0	41.0	25.0
200.0	0.0	298.0	466.0	639.0	41.0	25.0
200.0	0.0	298.0	466.0	639.0	41.0	25.0
200.0	0.0	298.0	466.0	639.0	41.0	25.0
200.0	0.0	298.0	466.0	639.0	41.0	25.0
200.0	0.0	298.0	466.0	639.0	41.0	25.0
200.0	0.0	298.0	466.0	639.0	41.0	25.0
197.0	0.0	298.0	466.0	639.0	41.0	25.0
197.0	0.0	298.0	466.0	639.0	41.0	25.0
197.0	0.0	298.0	466.0	639.0	41.0	25.0
197.0	0.0	298.0	466.0	639.0	41.0	25.0
197.0	0.0	298.0	466.0	639.0	41.0	25.0
197.0	0.0	298.0	466.0	639.0	41.0	25.0
197.0	0.0	298.0	466.0	639.0	41.0	25.0
197.0	0.0	298.0	466.0	639.0	41.0	25.0
197.0	0.0	298.0	466.0	639.0	41.0	25.0
197.0	0.0	298.0	466.0	639.0	41.0	25.0
197.0	0.0	298.0	466.0	639.0	41.0	25.0
197.0	0.0	298.0	466.0	639.0	41.0	25.0
197.0	0.0	298.0	466.0	639.0	41.0	25.0
197.0	0.0	298.0	466.0	639.0	41.0	25.0
197.0	0.0	298.0	466.0	639.0	41.0	25.0
192.0	0.0	298.0	472.0	639.0	41.0	25.0
192.0	0.0	298.0	472.0	639.0	41.0	25.0
192.0	0.0	298.0	472.0	639.0	41.0	25.0
192.0	0.0	298.0	472.0	639.0	41.0	25.0
192.0	0.0	298.0	472.0	639.0	41.0	25.0
192.0	0.0	298.0	472.0	639.0	41.0	25.0
192.0	0.0	298.0	472.0	639.0	41.0	25.0
192.0	0.0	298.0	472.0	639.0	41.0	25.0
192.0	0.0	298.0	472.0	639.0	41.0	25.0
192.0	0.0	298.0	472.0	639.0	41.0	25.0
192.0	0.0	298.0	472.0	639.0	41.0	25.0
192.0	0.0	298.0	472.0	639.0	41.0	25.0
192.0	0.0	298.0	472.0	639.0	41.0	25.0
192.0	0.0	298.0	472.0	639.0	41.0	25.0
192.0	0.0	298.0	472.0	639.0	41.0	25.0
197.0	0.0	298.0	479.0	639.0	41.0	25.0
197.0	0.0	298.0	479.0	639.0	41.0	25.0
197.0	0.0	298.0	479.0	639.0	41.0	25.0
197.0	0.0	298.0	479.0	639.0	41.0	25.0
197.0	0.0	298.0	479.0	639.0	41.0	25.0
197.0	0.0	298.0	479.0	639.0	41.0	25.0
197.0	0.0	298.0	479.0	639.0	41.0	25.0
197.0	0.0	298.0	479.0	639.0	41.0	25.0
197.0	0.0	298.0	479.0	639.0	41.0	25.0
197.0	0.0	298.0	479.0	639.0	41.0	25.0
197.0	0.0	298.0	479.0	639.0	41.0	25.0
197.0	0.0	298.0	479.0	639.0	41.0	25.0
197.0	0.0	298.0	479.0	639.0	41.0	25.0
197.0	0.0	298.0	479.0	639.0	41.0	25.0
197.0	0.0	298.0	479.0	639.0	41.0	25.0
202.0	0.0	298.0	471.0	639.0	42.0	25.0
202.0	0.0	298.0	471.0	639.0	42.0	25.0
202.0	0.0	298.0	471.0	639.0	42.0	25.0
202.0	0.0	298.0	471.0	639.0	42.0	25.0
202.0	0.0	298.0	471.0	639.0	42.0	25.0
202.0	0.0	298.0	471.0	639.0	42.0	25.0
202.0	0.0	298.0	471.0	639.0	42.0	25.0
202.0	0.0	298.0	471.0	639.0	42.0	25.0
202.0	0.0	298.0	471.0	639.0	42.0	25.0
202.0	0.0	298.0	471.0	639.0	42.0	25.0
202.0	0.0	298.0	471.0	639.0	42.0	25.0
202.0	0.0	298.0	471.0	639.0	42.0	25.0
202.0	0.0	298.0	471.0	639.0	42.0	25.0
202.0	0.0	298.0	471.0	639.0	42.0	25.0
202.0	0.0	298.0	471.0	639.0	42.0	25.0
203.0	0.0	298.0	505.0	639.0	42.0	25.0
203.0	0.0	298.0	505.0	639.0	42.0	25.0
203.0	0.0	298.0	505.0	639.0	42.0	25.0
203.0	0.0	298.0	505.0	639.0	42.0	25.0
203.0	0.0	298.0	505.0	639.0	42.0	25.0
203.0	0.0	298.0	505.0	639.0	42.0	25.0
203.0	0.0	298.0	505.0	639.0	42.0	25.0
203.0	0.0	298.0	505.0	639.0	42.0	25.0
203.0	0.0	298.0	505.0	639.0	42.0	25.0
203.0	0.0	298.0	505.0	639.0	42.0	25.0
203.0	0.0	298.0	505.0	639.0	42.0	25.0
203.0	0.0	298.0	505.0	639.0	42.0	25.0
203.0	0.0	298.0	505.0	639.0	42.0	25.0
203.0	0.0	298.0	505.0	639.0	42.0	25.0
203.0	0.0	298.0	505.0	639.0	42.0	25.0
202.0	0.0	298.0	602.0	639.0	42.0	25.0
202.0	0.0	298.0	602.0	639.0	42.0	25.0
202.0	0.0	298.0	602.0	639.0	42.0	25.0
202.0	0.0	298.0	602.0	639.0	42.0	25.0
202.0	0.0	298.0	602.0	639.0	42.0	25.0
202.0	0.0	298.0	602.0	639.0	42.0	25.0
202.0	0.0	298.0	602.0	639.0	42.0	25.0
202.0	0.0	298.0	602.0	639.0	42.0	25.0
202.0	0.0	298.0	602.0	639.0	42.0	25.0
202.0	0.0	298.0	602.0	639.0	42.0	25.0
202.0	0.0	298.0	602.0	639.0	42.0	25.0
202.0	0.0	298.0	602.0	639.0	42.0	25.0
202.0	0.0	298.0	602.0	639.0	42.0	25.0
202.0	0.0	298.0	602.0	639.0	42.0	25.0
202.0	0.0	298.0	602.0	639.0	42.0	25.0
207.0	0.0	298.0	525.0	639.0	42.0	25.0
207.0	0.0	298.0	525.0	639.0	42.0	25.0
207.0	0.0	298.0	525.0	639.0	42.0	25.0
207.0	0.0	298.0	525.0	639.0	42.0	25.0
207.0	0.0	298.0	525.0	639.0	42.0	25.0
207.0	0.0	298.0	525.0	639.0	42.0	25.0
207.0	0.0	298.0	525.0	639.0	42.0	25.0
207.0	0.0	298.0	525.0	639.0	42.0	25.0
207.0	0.0	298.0	525.0	639.0	42.0	25.0
207.0	0.0	298.0	525.0	639.0	42.0	25.0
207.0	0.0	298.0	525.0	639.0	42.0	25.0
207.0	0.0	298.0	525.0	639.0	42.0	25.0
207.0	0.0	298.0	525.0	639.0	42.0	25.0
207.0	0.0	298.0	525.0	639.0	42.0	25.0
209.0	0.0	298.0	481.0	639.0	42.0	25.0
209.0	0.0	298.0	481.0	639.0	42.0	25.0
209.0	0.0	298.0	481.0	639.0	42.0	25.0
209.0	0.0	298.0	481.0	639.0	42.0	25.0
209.0	0.0	298.0	481.0	639.0	42.0	25.0
209.0	0.0	298.0	481.0	639.0	42.0	25.0
209.0	0.0	298.0	481.0	639.0	42.0	25.0
209.0	0.0	298.0	481.0	639.0	42.0	25.0
209.0	0.0	298.0	481.0	639.0	42.0	25.0
209.0	0.0	298.0	481.0	639.0	42.0	25.0
209.0	0.0	298.0	481.0	639.0	42.0	25.0
209.0	0.0	298.0	481.0	639.0	42.0	25.0
209.0	0.0	298.0	481.0	639.0	42.0	25.0
209.0	0.0	298.0	481.0	639.0	42.0	25.0
209.0	0.0	298.0	481.0	639.0	42.0	25.0
205.0	0.0	298.0	442.0	639.0	42.0	25.0
205.0	0.0	298.0	442.0	639.0	42.0	25.0
205.0	0.0	298.0	442.0	639.0	42.0	25.0
205.0	0.0	298.0	442.0	639.0	42.0	25.0
205.0	0.0	298.0	442.0	639.0	42.0	25.0
205.0	0.0	298.0	442.0	639.0	42.0	25.0
205.0	0.0	298.0	442.0	639.0	42.0	25.0
205.0	0.0	298.0	442.0	639.0	42.0	25.0
205.0	0.0	298.0	442.0	639.0	42.0	25.0
205.0	0.0	298.0	442.0	639.0	42.0	25.0
205.0	0.0	298.0	442.0	639.0	42.0	25.0
205.0	0.0	298.0	442.0	639.0	42.0	25.0
205.0	0.0	298.0	442.0	639.0	42.0	25.0
205.0	0.0	298.0	442.0	639.0	42.0	25.0
205.0	0.0	298.0	442.0	639.0	42.0	25.0
203.0	0.0	298.0	445.0	639.0	42.0	25.0
203.0	0.0	298.0	445.0	639.0	42.0	25.0
203.0	0.0	298.0	445.0	639.0	42.0	25.0
203.0	0.0	298.0	445.0	639.0	42.0	25.0
203.0	0.0	298.0	445.0	639.0	42.0	25.0
203.0	0.0	298.0	445.0	639.0	42.0	25.0
203.0	0.0	298.0	445.0	639.0	42.0	25.0
203.0	0.0	298.0	445.0	639.0	42.0	25.0
203.0	0.0	298.0	445.0	639.0	42.0	25.0
203.0	0.0	298.0	445.0	639.0	42.0	25.0
203.0	0.0	298.0	445.0	639.0	42.0	25.0
203.0	0.0	298.0	445.0	639.0	42.0	25.0
203.0	0.0	298.0	445.0	639.0	42.0	25.0
203.0	0.0	298.0	445.0	639.0	42.0	25.0
203.0	0.0	298.0	445.0	639.0	42.0	25.0
206.0	0.0	298.0	480.0	639.0	42.0	25.0
206.0	0.0	298.0	480.0	639.0	42.0	25.0
206.0	0.0	298.0	480.0	639.0	42.0	25.0
206.0	0.0	298.0	480.0	639.0	42.0	25.0
206.0	0.0	298.0	480.0	639.0	42.0	25.0
206.0	0.0	298.0	480.0	639.0	42.0	25.0
206.0	0.0	298.0	480.0	639.0	42.0	25.0
206.0	0.0	298.0	480.0	639.0	42.0	25.0
206.0	0.0	298.0	480.0	639.0	42.0	25.0
206.0	0.0	298.0	480.0	639.0	42.0	25.0
206.0	0.0	298.0	480.0	639.0	42.0	25.0
206.0	0.0	298.0	480.0	639.0	42.0	25.0
206.0	0.0	298.0	480.0	639.0	42.0	25.0
206.0	0.0	298.0	480.0	639.0	42.0	25.0
206.0	0.0	298.0	480.0	639.0	42.0	25.0
209.0	0.0	298.0	429.0	639.0	42.0	25.0
209.0	0.0	298.0	429.0	639.0	42.0	25.0
209.0	0.0	298.0	429.0	639.0	42.0	25.0
209.0	0.0	298.0	429.0	639.0	42.0	25.0
209.0	0.0	298.0	429.0	639.0	42.0	25.0
209.0	0.0	298.0	429.0	639.0	42.0	25.0
209.0	0.0	298.0	429.0	639.0	42.0	25.0
209.0	0.0	298.0	429.0	639.0	42.0	25.0
209.0	0.0	298.0	429.0	639.0	42.0	25.0
209.0	0.0	298.0	429.0	639.0	42.0	25.0
209.0	0.0	298.0	429.0	639.0	42.0	25.0
209.0	0.0	298.0	429.0	639.0	42.0	25.0
209.0	0.0	298.0	429.0	639.0	42.0	25.0
209.0	0.0	298.0	429.0	639.0	42.0	25.0
209.0	0.0	298.0	429.0	639.0	42.0	25.0
205.0	0.0	298.0	547.0	639.0	42.0	25.0
205.0	0.0	298.0	547.0	639.0	42.0	25.0
205.0	0.0	298.0	547.0	639.0	42.0	25.0
205.0	0.0	298.0	547.0	639.0	42.0	25.0
205.0	0.0	298.0	547.0	639.0	42.0	25.0
205.0	0.0	298.0	547.0	639.0	42.0	25.0
205.0	0.0	298.0	547.0	639.0	42.0	25.0
205.0	0.0	298.0	547.0	639.0	42.0	25.0
205.0	0.0	298.0	547.0	639.0	42.0	25.0
205.0	0.0	298.0	547.0	639.0	42.0	25.0
205.0	0.0	298.0	547.0	639.0	42.0	25.0
205.0	0.0	298.0	547.0	639.0	42.0	25.0
205.0	0.0	298.0	547.0	639.0	42.0	25.0
205.0	0.0	298.0	547.0	639.0	42.0	25.0
205.0	0.0	298.0	547.0	639.0	42.0	25.0
202.0	0.0	298.0	407.0	639.0	41.0	25.0
202.0	0.0	298.0	407.0	639.0	41.0	25.0
202.0	0.0	298.0	407.0	639.0	41.0	25.0
202.0	0.0	298.0	407.0	639.0	41.0	25.0
202.0	0.0	298.0	407.0	639.0	41.0	25.0
202.0	0.0	298.0	407.0	639.0	41.0	25.0
202.0	0.0	298.0	407.0	639.0	41.0	25.0
202.0	0.0	298.0	407.0	639.0	41.0	25.0
202.0	0.0	298.0	407.0	639.0	41.0	25.0
202.0	0.0	298.0	407.0	639.0	41.0	25.0
202.0	0.0	298.0	407.0	639.0	41.0	25.0
202.0	0.0	298.0	407.0	639.0	41.0	25.0
202.0	0.0	298.0	407.0	639.0	41.0	25.0
202.0	0.0	298.0	407.0	639.0	41.0	25.0
206.0	0.0	298.0	459.0	639.0	41.0	25.0
206.0	0.0	298.0	459.0	639.0	41.0	25.0
206.0	0.0	298.0	459.0	639.0	41.0	25.0
206.0	0.0	298.0	459.0	639.0	41.0	25.0
206.0	0.0	298.0	459.0	639.0	41.0	25.0
206.0	0.0	298.0	459.0	639.0	41.0	25.0
206.0	0.0	298.0	459.0	639.0	41.0	25.0
206.0	0.0	298.0	459.0	639.0	41.0	25.0
206.0	0.0	298.0	459.0	639.0	41.0	25.0
206.0	0.0	298.0	459.0	639.0	41.0	25.0
206.0	0.0	298.0	459.0	639.0	41.0	25.0
206.0	0.0	298.0	459.0	639.0	41.0	25.0
206.0	0.0	298.0	459.0	639.0	41.0	25.0
206.0	0.0	298.0	459.0	639.0	41.0	25.0
206.0	0.0	298.0	459.0	639.0	41.0	25.0
208.0	0.0	298.0	421.0	639.0	41.0	25.0
208.0	0.0	298.0	421.0	639.0	41.0	25.0
208.0	0.0	298.0	421.0	639.0	41.0	25.0
208.0	0.0	298.0	421.0	639.0	41.0	25.0
208.0	0.0	298.0	421.0	639.0	41.0	25.0
208.0	0.0	298.0	421.0	639.0	41.0	25.0
208.0	0.0	298.0	421.0	639.0	41.0	25.0
208.0	0.0	298.0	421.0	639.0	41.0	25.0
208.0	0.0	298.0	421.0	639.0	41.0	25.0
208.0	0.0	298.0	421.0	639.0	41.0	25.0
208.0	0.0	298.0	421.0	639.0	41.0	25.0
208.0	0.0	298.0	421.0	639.0	41.0	25.0
208.0	0.0	298.0	421.0	639.0	41.0	25.0
208.0	0.0	298.0	421.0	639.0	41.0	25.0
208.0	0.0	298.0	421.0	639.0	41.0	25.0
203.0	0.0	298.0	478.0	639.0	41.0	24.0
203.0	0.0	298.0	478.0	639.0	41.0	24.0
203.0	0.0	298.0	478.0	639.0	41.0	24.0
203.0	0.0	298.0	478.0	639.0	41.0	24.0
203.0	0.0	298.0	478.0	639.0	41.0	24.0
203.0	0.0	298.0	478.0	639.0	41.0	24.0
203.0	0.0	298.0	478.0	639.0	41.0	24.0
203.0	0.0	298.0	478.0	639.0	41.0	24.0
203.0	0.0	298.0	478.0	639.0	41.0	24.0
203.0	0.0	298.0	478.0	639.0	41.0	24.0
203.0	0.0	298.0	478.0	639.0	41.0	24.0
203.0	0.0	298.0	478.0	639.0	41.0	24.0
203.0	0.0	298.0	478.0	639.0	41.0	24.0
203.0	0.0	298.0	478.0	639.0	41.0	24.0
203.0	0.0	298.0	478.0	639.0	41.0	24.0
203.0	0.0	298.0	475.0	639.0	41.0	24.0
203.0	0.0	298.0	475.0	639.0	41.0	24.0
203.0	0.0	298.0	475.0	639.0	41.0	24.0
203.0	0.0	298.0	475.0	639.0	41.0	24.0
203.0	0.0	298.0	475.0	639.0	41.0	24.0
203.0	0.0	298.0	475.0	639.0	41.0	24.0
203.0	0.0	298.0	475.0	639.0	41.0	24.0
203.0	0.0	298.0	475.0	639.0	41.0	24.0
203.0	0.0	298.0	475.0	639.0	41.0	24.0
203.0	0.0	298.0	475.0	639.0	41.0	24.0
203.0	0.0	298.0	475.0	639.0	41.0	24.0
203.0	0.0	298.0	475.0	639.0	41.0	24.0
203.0	0.0	298.0	475.0	639.0	41.0	24.0
203.0	0.0	298.0	475.0	639.0	41.0	24.0
203.0	0.0	298.0	475.0	639.0	41.0	24.0
208.0	0.0	298.0	473.0	639.0	41.0	24.0
208.0	0.0	298.0	473.0	639.0	41.0	24.0
208.0	0.0	298.0	473.0	639.0	41.0	24.0
208.0	0.0	298.0	473.0	639.0	41.0	24.0
208.0	0.0	298.0	473.0	639.0	41.0	24.0
208.0	0.0	298.0	473.0	639.0	41.0	24.0
208.0	0.0	298.0	473.0	639.0	41.0	24.0
208.0	0.0	298.0	473.0	639.0	41.0	24.0
208.0	0.0	298.0	473.0	639.0	41.0	24.0
208.0	0.0	298.0	473.0	639.0	41.0	24.0
208.0	0.0	298.0	473.0	639.0	41.0	24.0
208.0	0.0	298.0	473.0	639.0	41.0	24.0
208.0	0.0	298.0	473.0	639.0	41.0	24.0
208.0	0.0	298.0	473.0	639.0	41.0	24.0
206.0	0.0	298.0	462.0	639.0	41.0	24.0
206.0	0.0	298.0	462.0	639.0	41.0	24.0
206.0	0.0	298.0	462.0	639.0	41.0	24.0
206.0	0.0	298.0	462.0	639.0	41.0	24.0
206.0	0.0	298.0	462.0	639.0	41.0	24.0
206.0	0.0	298.0	462.0	639.0	41.0	24.0
206.0	0.0	298.0	462.0	639.0	41.0	24.0
206.0	0.0	298.0	462.0	639.0	41.0	24.0
206.0	0.0	298.0	462.0	639.0	41.0	24.0
206.0	0.0	298.0	462.0	639.0	41.0	24.0
206.0	0.0	298.0	462.0	639.0	41.0	24.0
206.0	0.0	298.0	462.0	639.0	41.0	24.0
206.0	0.0	298.0	462.0	639.0	41.0	24.0
206.0	0.0	298.0	462.0	639.0	41.0	24.0
206.0	0.0	298.0	462.0	639.0	41.0	24.0
202.0	0.0	298.0	448.0	639.0	41.0	24.0
202.0	0.0	298.0	448.0	639.0	41.0	24.0
202.0	0.0	298.0	448.0	639.0	41.0	24.0
202.0	0.0	298.0	448.0	639.0	41.0	24.0
202.0	0.0	298.0	448.0	639.0	41.0	24.0
202.0	0.0	298.0	448.0	639.0	41.0	24.0
202.0	0.0	298.0	448.0	639.0	41.0	24.0
202.0	0.0	298.0	448.0	639.0	41.0	24.0
202.0	0.0	298.0	448.0	639.0	41.0	24.0
202.0	0.0	298.0	448.0	639.0	41.0	24.0
202.0	0.0	298.0	448.0	639.0	41.0	24.0
202.0	0.0	298.0	448.0	639.0	41.0	24.0
202.0	0.0	298.0	448.0	639.0	41.0	24.0
202.0	0.0	298.0	448.0	639.0	41.0	24.0
202.0	0.0	298.0	448.0	639.0	41.0	24.0
204.0	0.0	298.0	484.0	639.0	40.0	24.0
204.0	0.0	298.0	484.0	639.0	40.0	24.0
204.0	0.0	298.0	484.0	639.0	40.0	24.0
204.0	0.0	298.0	484.0	639.0	40.0	24.0
204.0	0.0	298.0	484.0	639.0	40.0	24.0
204.0	0.0	298.0	484.0	639.0	40.0	24.0
204.0	0.0	298.0	484.0	639.0	40.0	24.0
204.0	0.0	298.0	484.0	639.0	40.0	24.0
204.0	0.0	298.0	484.0	639.0	40.0	24.0
204.0	0.0	298.0	484.0	639.0	40.0	24.0
204.0	0.0	298.0	484.0	639.0	40.0	24.0
204.0	0.0	298.0	484.0	639.0	40.0	24.0
204.0	0.0	298.0	484.0	639.0	40.0	24.0
204.0	0.0	298.0	484.0	639.0	40.0	24.0
204.0	0.0	298.0	484.0	639.0	40.0	24.0
208.0	0.0	298.0	471.0	639.0	40.0	24.0
208.0	0.0	298.0	471.0	639.0	40.0	24.0
208.0	0.0	298.0	471.0	639.0	40.0	24.0
208.0	0.0	298.0	471.0	639.0	40.0	24.0
208.0	0.0	298.0	471.0	639.0	40.0	24.0
208.0	0.0	298.0	471.0	639.0	40.0	24.0
208.0	0.0	298.0	471.0	639.0	40.0	24.0
208.0	0.0	298.0	471.0	639.0	40.0	24.0
208.0	0.0	298.0	471.0	639.0	40.0	24.0
208.0	0.0	298.0	471.0	639.0	40.0	24.0
208.0	0.0	298.0	471.0	639.0	40.0	24.0
208.0	0.0	298.0	471.0	639.0	40.0	24.0
208.0	0.0	298.0	471.0	639.0	40.0	24.0
208.0	0.0	298.0	471.0	639.0	40.0	24.0
208.0	0.0	298.0	471.0	639.0	40.0	24.0
204.0	0.0	298.0	473.0	639.0	40.0	24.0
204.0	0.0	298.0	473.0	639.0	40.0	24.0
204.0	0.0	298.0	473.0	639.0	40.0	24.0
204.0	0.0	298.0	473.0	639.0	40.0	24.0
204.0	0.0	298.0	473.0	639.0	40.0	24.0
204.0	0.0	298.0	473.0	639.0	40.0	24.0
204.0	0.0	298.0	473.0	639.0	40.0	24.0
204.0	0.0	298.0	473.0	639.0	40.0	24.0
204.0	0.0	298.0	473.0	639.0	40.0	24.0
204.0	0.0	298.0	473.0	639.0	40.0	24.0
204.0	0.0	298.0	473.0	639.0	40.0	24.0
204.0	0.0	298.0	473.0	639.0	40.0	24.0
204.0	0.0	298.0	473.0	639.0	40.0	24.0
204.0	0.0	298.0	473.0	639.0	40.0	24.0
204.0	0.0	298.0	473.0	639.0	40.0	24.0
202.0	0.0	298.0	475.0	639.0	39.0	24.0
202.0	0.0	298.0	475.0	639.0	39.0	24.0
202.0	0.0	298.0	475.0	639.0	39.0	24.0
202.0	0.0	298.0	475.0	639.0	39.0	24.0
202.0	0.0	298.0	475.0	639.0	39.0	24.0
202.0	0.0	298.0	475.0	639.0	39.0	24.0
202.0	0.0	298.0	475.0	639.0	39.0	24.0
202.0	0.0	298.0	475.0	639.0	39.0	24.0
202.0	0.0	298.0	475.0	639.0	39.0	24.0
202.0	0.0	298.0	475.0	639.0	39.0	24.0
202.0	0.0	298.0	475.0	639.0	39.0	24.0
202.0	0.0	298.0	475.0	639.0	39.0	24.0
202.0	0.0	298.0	475.0	639.0	39.0	24.0
202.0	0.0	298.0	475.0	639.0	39.0	24.0
207.0	0.0	298.0	473.0	639.0	39.0	24.0
207.0	0.0	298.0	473.0	639.0	39.0	24.0
207.0	0.0	298.0	473.0	639.0	39.0	24.0
207.0	0.0	298.0	473.0	639.0	39.0	24.0
207.0	0.0	298.0	473.0	639.0	39.0	24.0
207.0	0.0	298.0	473.0	639.0	39.0	24.0
207.0	0.0	298.0	473.0	639.0	39.0	24.0
207.0	0.0	298.0	473.0	639.0	39.0	24.0
207.0	0.0	298.0	473.0	639.0	39.0	24.0
207.0	0.0	298.0	473.0	639.0	39.0	24.0
207.0	0.0	298.0	473.0	639.0	39.0	24.0
207.0	0.0	298.0	473.0	639.0	39.0	24.0
207.0	0.0	298.0	473.0	639.0	39.0	24.0
207.0	0.0	298.0	473.0	639.0	39.0	24.0
207.0	0.0	298.0	473.0	639.0	39.0	24.0
207.0	0.0	298.0	470.0	639.0	39.0	24.0
207.0	0.0	298.0	470.0	639.0	39.0	24.0
207.0	0.0	298.0	470.0	639.0	39.0	24.0
207.0	0.0	298.0	470.0	639.0	39.0	24.0
207.0	0.0	298.0	470.0	639.0	39.0	24.0
207.0	0.0	298.0	470.0	639.0	39.0	24.0
207.0	0.0	298.0	470.0	639.0	39.0	24.0
207.0	0.0	298.0	470.0	639.0	39.0	24.0
207.0	0.0	298.0	470.0	639.0	39.0	24.0
207.0	0.0	298.0	470.0	639.0	39.0	24.0
207.0	0.0	298.0	470.0	639.0	39.0	24.0
207.0	0.0	298.0	470.0	639.0	39.0	24.0
207.0	0.0	298.0	470.0	639.0	39.0	24.0
207.0	0.0	298.0	470.0	639.0	39.0	24.0
207.0	0.0	298.0	470.0	639.0	39.0	24.0
202.0	0.0	298.0	477.0	639.0	39.0	24.0
202.0	0.0	298.0	477.0	639.0	39.0	24.0
