230.0	0.0	298.0	516.0	46.0	42.0	24.0
230.0	0.0	298.0	516.0	46.0	42.0	24.0
230.0	0.0	298.0	516.0	46.0	42.0	24.0
230.0	0.0	298.0	516.0	46.0	42.0	24.0
230.0	0.0	298.0	516.0	46.0	42.0	24.0
230.0	0.0	298.0	516.0	46.0	42.0	24.0
230.0	0.0	298.0	516.0	46.0	42.0	24.0
230.0	0.0	298.0	516.0	46.0	42.0	24.0
230.0	0.0	298.0	516.0	46.0	42.0	24.0
230.0	0.0	298.0	516.0	46.0	42.0	24.0
237.0	0.0	298.0	476.0	46.0	41.0	24.0
237.0	0.0	298.0	476.0	46.0	41.0	24.0
237.0	0.0	298.0	476.0	46.0	41.0	24.0
237.0	0.0	298.0	476.0	46.0	41.0	24.0
237.0	0.0	298.0	476.0	46.0	41.0	24.0
237.0	0.0	298.0	476.0	46.0	41.0	24.0
237.0	0.0	298.0	476.0	46.0	41.0	24.0
237.0	0.0	298.0	476.0	46.0	41.0	24.0
237.0	0.0	298.0	476.0	46.0	41.0	24.0
237.0	0.0	298.0	476.0	46.0	41.0	24.0
237.0	0.0	298.0	476.0	46.0	41.0	24.0
237.0	0.0	298.0	476.0	46.0	41.0	24.0
236.0	0.0	298.0	474.0	46.0	41.0	24.0
236.0	0.0	298.0	474.0	46.0	41.0	24.0
236.0	0.0	298.0	474.0	46.0	41.0	24.0
236.0	0.0	298.0	474.0	46.0	41.0	24.0
236.0	0.0	298.0	474.0	46.0	41.0	24.0
236.0	0.0	298.0	474.0	46.0	41.0	24.0
236.0	0.0	298.0	474.0	46.0	41.0	24.0
236.0	0.0	298.0	474.0	46.0	41.0	24.0
236.0	0.0	298.0	474.0	46.0	41.0	24.0
236.0	0.0	298.0	474.0	46.0	41.0	24.0
236.0	0.0	298.0	474.0	46.0	41.0	24.0
236.0	0.0	298.0	474.0	46.0	41.0	24.0
244.0	0.0	298.0	553.0	46.0	40.0	24.0
244.0	0.0	298.0	553.0	46.0	40.0	24.0
244.0	0.0	298.0	553.0	46.0	40.0	24.0
244.0	0.0	298.0	553.0	46.0	40.0	24.0
244.0	0.0	298.0	553.0	46.0	40.0	24.0
244.0	0.0	298.0	553.0	46.0	40.0	24.0
244.0	0.0	298.0	553.0	46.0	40.0	24.0
244.0	0.0	298.0	553.0	46.0	40.0	24.0
244.0	0.0	298.0	553.0	46.0	40.0	24.0
244.0	0.0	298.0	553.0	46.0	40.0	24.0
244.0	0.0	298.0	553.0	46.0	40.0	24.0
244.0	0.0	298.0	553.0	46.0	40.0	24.0
250.0	0.0	298.0	489.0	44.0	40.0	24.0
250.0	0.0	298.0	489.0	44.0	40.0	24.0
250.0	0.0	298.0	489.0	44.0	40.0	24.0
250.0	0.0	298.0	489.0	44.0	40.0	24.0
250.0	0.0	298.0	489.0	44.0	40.0	24.0
250.0	0.0	298.0	489.0	44.0	40.0	24.0
250.0	0.0	298.0	489.0	44.0	40.0	24.0
250.0	0.0	298.0	489.0	44.0	40.0	24.0
250.0	0.0	298.0	489.0	44.0	40.0	24.0
250.0	0.0	298.0	489.0	44.0	40.0	24.0
250.0	0.0	298.0	489.0	44.0	40.0	24.0
269.0	0.0	298.0	505.0	41.0	39.0	24.0
269.0	0.0	298.0	505.0	41.0	39.0	24.0
269.0	0.0	298.0	505.0	41.0	39.0	24.0
269.0	0.0	298.0	505.0	41.0	39.0	24.0
269.0	0.0	298.0	505.0	41.0	39.0	24.0
269.0	0.0	298.0	505.0	41.0	39.0	24.0
269.0	0.0	298.0	505.0	41.0	39.0	24.0
269.0	0.0	298.0	505.0	41.0	39.0	24.0
269.0	0.0	298.0	505.0	41.0	39.0	24.0
269.0	0.0	298.0	505.0	41.0	39.0	24.0
269.0	0.0	298.0	505.0	41.0	39.0	24.0
269.0	0.0	298.0	505.0	41.0	39.0	24.0
269.0	0.0	298.0	505.0	41.0	39.0	24.0
269.0	0.0	298.0	505.0	41.0	39.0	24.0
269.0	0.0	298.0	505.0	41.0	39.0	24.0
271.0	0.0	298.0	490.0	639.0	40.0	24.0
271.0	0.0	298.0	490.0	639.0	40.0	24.0
271.0	0.0	298.0	490.0	639.0	40.0	24.0
271.0	0.0	298.0	490.0	639.0	40.0	24.0
271.0	0.0	298.0	490.0	639.0	40.0	24.0
271.0	0.0	298.0	490.0	639.0	40.0	24.0
271.0	0.0	298.0	490.0	639.0	40.0	24.0
271.0	0.0	298.0	490.0	639.0	40.0	24.0
271.0	0.0	298.0	490.0	639.0	40.0	24.0
271.0	0.0	298.0	490.0	639.0	40.0	24.0
271.0	0.0	298.0	490.0	639.0	40.0	24.0
271.0	0.0	298.0	490.0	639.0	40.0	24.0
276.0	0.0	298.0	502.0	44.0	44.0	24.0
276.0	0.0	298.0	502.0	44.0	44.0	24.0
276.0	0.0	298.0	502.0	44.0	44.0	24.0
276.0	0.0	298.0	502.0	44.0	44.0	24.0
276.0	0.0	298.0	502.0	44.0	44.0	24.0
276.0	0.0	298.0	502.0	44.0	44.0	24.0
276.0	0.0	298.0	502.0	44.0	44.0	24.0
276.0	0.0	298.0	502.0	44.0	44.0	24.0
276.0	0.0	298.0	502.0	44.0	44.0	24.0
276.0	0.0	298.0	502.0	44.0	44.0	24.0
276.0	0.0	298.0	502.0	44.0	44.0	24.0
276.0	0.0	298.0	502.0	44.0	44.0	24.0
272.0	0.0	298.0	492.0	44.0	47.0	24.0
272.0	0.0	298.0	492.0	44.0	47.0	24.0
272.0	0.0	298.0	492.0	44.0	47.0	24.0
272.0	0.0	298.0	492.0	44.0	47.0	24.0
272.0	0.0	298.0	492.0	44.0	47.0	24.0
272.0	0.0	298.0	492.0	44.0	47.0	24.0
272.0	0.0	298.0	492.0	44.0	47.0	24.0
272.0	0.0	298.0	492.0	44.0	47.0	24.0
272.0	0.0	298.0	492.0	44.0	47.0	24.0
272.0	0.0	298.0	492.0	44.0	47.0	24.0
272.0	0.0	298.0	492.0	44.0	47.0	24.0
272.0	0.0	298.0	492.0	44.0	47.0	24.0
282.0	0.0	298.0	504.0	44.0	49.0	24.0
282.0	0.0	298.0	504.0	44.0	49.0	24.0
282.0	0.0	298.0	504.0	44.0	49.0	24.0
282.0	0.0	298.0	504.0	44.0	49.0	24.0
282.0	0.0	298.0	504.0	44.0	49.0	24.0
282.0	0.0	298.0	504.0	44.0	49.0	24.0
282.0	0.0	298.0	504.0	44.0	49.0	24.0
282.0	0.0	298.0	504.0	44.0	49.0	24.0
282.0	0.0	298.0	504.0	44.0	49.0	24.0
282.0	0.0	298.0	504.0	44.0	49.0	24.0
282.0	0.0	298.0	504.0	44.0	49.0	24.0
282.0	0.0	298.0	504.0	44.0	49.0	24.0
286.0	0.0	298.0	489.0	44.0	49.0	24.0
286.0	0.0	298.0	489.0	44.0	49.0	24.0
286.0	0.0	298.0	489.0	44.0	49.0	24.0
286.0	0.0	298.0	489.0	44.0	49.0	24.0
286.0	0.0	298.0	489.0	44.0	49.0	24.0
286.0	0.0	298.0	489.0	44.0	49.0	24.0
286.0	0.0	298.0	489.0	44.0	49.0	24.0
286.0	0.0	298.0	489.0	44.0	49.0	24.0
286.0	0.0	298.0	489.0	44.0	49.0	24.0
286.0	0.0	298.0	489.0	44.0	49.0	24.0
286.0	0.0	298.0	489.0	44.0	49.0	24.0
286.0	0.0	298.0	489.0	44.0	49.0	24.0
279.0	0.0	298.0	501.0	41.0	47.0	24.0
279.0	0.0	298.0	501.0	41.0	47.0	24.0
279.0	0.0	298.0	501.0	41.0	47.0	24.0
279.0	0.0	298.0	501.0	41.0	47.0	24.0
279.0	0.0	298.0	501.0	41.0	47.0	24.0
279.0	0.0	298.0	501.0	41.0	47.0	24.0
279.0	0.0	298.0	501.0	41.0	47.0	24.0
279.0	0.0	298.0	501.0	41.0	47.0	24.0
279.0	0.0	298.0	501.0	41.0	47.0	24.0
279.0	0.0	298.0	501.0	41.0	47.0	24.0
279.0	0.0	298.0	501.0	41.0	47.0	24.0
277.0	0.0	298.0	500.0	44.0	46.0	24.0
277.0	0.0	298.0	500.0	44.0	46.0	24.0
277.0	0.0	298.0	500.0	44.0	46.0	24.0
277.0	0.0	298.0	500.0	44.0	46.0	24.0
277.0	0.0	298.0	500.0	44.0	46.0	24.0
277.0	0.0	298.0	500.0	44.0	46.0	24.0
277.0	0.0	298.0	500.0	44.0	46.0	24.0
277.0	0.0	298.0	500.0	44.0	46.0	24.0
277.0	0.0	298.0	500.0	44.0	46.0	24.0
277.0	0.0	298.0	500.0	44.0	46.0	24.0
277.0	0.0	298.0	500.0	44.0	46.0	24.0
277.0	0.0	298.0	500.0	44.0	46.0	24.0
277.0	0.0	298.0	500.0	44.0	46.0	24.0
284.0	0.0	298.0	499.0	41.0	45.0	24.0
284.0	0.0	298.0	499.0	41.0	45.0	24.0
284.0	0.0	298.0	499.0	41.0	45.0	24.0
284.0	0.0	298.0	499.0	41.0	45.0	24.0
284.0	0.0	298.0	499.0	41.0	45.0	24.0
284.0	0.0	298.0	499.0	41.0	45.0	24.0
284.0	0.0	298.0	499.0	41.0	45.0	24.0
284.0	0.0	298.0	499.0	41.0	45.0	24.0
284.0	0.0	298.0	499.0	41.0	45.0	24.0
284.0	0.0	298.0	499.0	41.0	45.0	24.0
284.0	0.0	298.0	499.0	41.0	45.0	24.0
292.0	0.0	298.0	499.0	41.0	45.0	24.0
292.0	0.0	298.0	499.0	41.0	45.0	24.0
292.0	0.0	298.0	499.0	41.0	45.0	24.0
292.0	0.0	298.0	499.0	41.0	45.0	24.0
292.0	0.0	298.0	499.0	41.0	45.0	24.0
292.0	0.0	298.0	499.0	41.0	45.0	24.0
292.0	0.0	298.0	499.0	41.0	45.0	24.0
292.0	0.0	298.0	499.0	41.0	45.0	24.0
292.0	0.0	298.0	499.0	41.0	45.0	24.0
292.0	0.0	298.0	499.0	41.0	45.0	24.0
292.0	0.0	298.0	499.0	41.0	45.0	24.0
292.0	0.0	298.0	499.0	41.0	45.0	24.0
287.0	0.0	298.0	495.0	41.0	44.0	24.0
287.0	0.0	298.0	495.0	41.0	44.0	24.0
287.0	0.0	298.0	495.0	41.0	44.0	24.0
287.0	0.0	298.0	495.0	41.0	44.0	24.0
287.0	0.0	298.0	495.0	41.0	44.0	24.0
287.0	0.0	298.0	495.0	41.0	44.0	24.0
287.0	0.0	298.0	495.0	41.0	44.0	24.0
287.0	0.0	298.0	495.0	41.0	44.0	24.0
287.0	0.0	298.0	495.0	41.0	44.0	24.0
287.0	0.0	298.0	495.0	41.0	44.0	24.0
287.0	0.0	298.0	495.0	41.0	44.0	24.0
287.0	0.0	298.0	495.0	41.0	44.0	24.0
278.0	0.0	298.0	494.0	41.0	43.0	24.0
278.0	0.0	298.0	494.0	41.0	43.0	24.0
278.0	0.0	298.0	494.0	41.0	43.0	24.0
278.0	0.0	298.0	494.0	41.0	43.0	24.0
278.0	0.0	298.0	494.0	41.0	43.0	24.0
278.0	0.0	298.0	494.0	41.0	43.0	24.0
278.0	0.0	298.0	494.0	41.0	43.0	24.0
278.0	0.0	298.0	494.0	41.0	43.0	24.0
278.0	0.0	298.0	494.0	41.0	43.0	24.0
278.0	0.0	298.0	494.0	41.0	43.0	24.0
278.0	0.0	298.0	494.0	41.0	43.0	24.0
278.0	0.0	298.0	494.0	41.0	43.0	24.0
285.0	0.0	298.0	506.0	39.0	42.0	24.0
285.0	0.0	298.0	506.0	39.0	42.0	24.0
285.0	0.0	298.0	506.0	39.0	42.0	24.0
285.0	0.0	298.0	506.0	39.0	42.0	24.0
285.0	0.0	298.0	506.0	39.0	42.0	24.0
285.0	0.0	298.0	506.0	39.0	42.0	24.0
285.0	0.0	298.0	506.0	39.0	42.0	24.0
285.0	0.0	298.0	506.0	39.0	42.0	24.0
285.0	0.0	298.0	506.0	39.0	42.0	24.0
285.0	0.0	298.0	506.0	39.0	42.0	24.0
285.0	0.0	298.0	506.0	39.0	42.0	24.0
285.0	0.0	298.0	506.0	39.0	42.0	24.0
301.0	0.0	298.0	516.0	46.0	42.0	24.0
301.0	0.0	298.0	516.0	46.0	42.0	24.0
301.0	0.0	298.0	516.0	46.0	42.0	24.0
301.0	0.0	298.0	516.0	46.0	42.0	24.0
301.0	0.0	298.0	516.0	46.0	42.0	24.0
301.0	0.0	298.0	516.0	46.0	42.0	24.0
301.0	0.0	298.0	516.0	46.0	42.0	24.0
301.0	0.0	298.0	516.0	46.0	42.0	24.0
301.0	0.0	298.0	516.0	46.0	42.0	24.0
301.0	0.0	298.0	516.0	46.0	42.0	24.0
301.0	0.0	298.0	516.0	46.0	42.0	24.0
301.0	0.0	298.0	516.0	46.0	42.0	24.0
306.0	0.0	298.0	500.0	41.0	41.0	24.0
306.0	0.0	298.0	500.0	41.0	41.0	24.0
306.0	0.0	298.0	500.0	41.0	41.0	24.0
306.0	0.0	298.0	500.0	41.0	41.0	24.0
306.0	0.0	298.0	500.0	41.0	41.0	24.0
306.0	0.0	298.0	500.0	41.0	41.0	24.0
306.0	0.0	298.0	500.0	41.0	41.0	24.0
306.0	0.0	298.0	500.0	41.0	41.0	24.0
306.0	0.0	298.0	500.0	41.0	41.0	24.0
306.0	0.0	298.0	500.0	41.0	41.0	24.0
306.0	0.0	298.0	500.0	41.0	41.0	24.0
306.0	0.0	298.0	500.0	41.0	41.0	24.0
294.0	0.0	298.0	489.0	44.0	41.0	24.0
294.0	0.0	298.0	489.0	44.0	41.0	24.0
294.0	0.0	298.0	489.0	44.0	41.0	24.0
294.0	0.0	298.0	489.0	44.0	41.0	24.0
294.0	0.0	298.0	489.0	44.0	41.0	24.0
294.0	0.0	298.0	489.0	44.0	41.0	24.0
294.0	0.0	298.0	489.0	44.0	41.0	24.0
294.0	0.0	298.0	489.0	44.0	41.0	24.0
294.0	0.0	298.0	489.0	44.0	41.0	24.0
294.0	0.0	298.0	489.0	44.0	41.0	24.0
294.0	0.0	298.0	489.0	44.0	41.0	24.0
289.0	0.0	298.0	496.0	44.0	40.0	24.0
289.0	0.0	298.0	496.0	44.0	40.0	24.0
289.0	0.0	298.0	496.0	44.0	40.0	24.0
289.0	0.0	298.0	496.0	44.0	40.0	24.0
289.0	0.0	298.0	496.0	44.0	40.0	24.0
289.0	0.0	298.0	496.0	44.0	40.0	24.0
289.0	0.0	298.0	496.0	44.0	40.0	24.0
289.0	0.0	298.0	496.0	44.0	40.0	24.0
289.0	0.0	298.0	496.0	44.0	40.0	24.0
289.0	0.0	298.0	496.0	44.0	40.0	24.0
289.0	0.0	298.0	496.0	44.0	40.0	24.0
289.0	0.0	298.0	496.0	44.0	40.0	24.0
295.0	0.0	298.0	505.0	44.0	40.0	24.0
295.0	0.0	298.0	505.0	44.0	40.0	24.0
295.0	0.0	298.0	505.0	44.0	40.0	24.0
295.0	0.0	298.0	505.0	44.0	40.0	24.0
295.0	0.0	298.0	505.0	44.0	40.0	24.0
295.0	0.0	298.0	505.0	44.0	40.0	24.0
295.0	0.0	298.0	505.0	44.0	40.0	24.0
295.0	0.0	298.0	505.0	44.0	40.0	24.0
295.0	0.0	298.0	505.0	44.0	40.0	24.0
295.0	0.0	298.0	505.0	44.0	40.0	24.0
295.0	0.0	298.0	505.0	44.0	40.0	24.0
295.0	0.0	298.0	505.0	44.0	40.0	24.0
305.0	0.0	298.0	498.0	46.0	40.0	24.0
305.0	0.0	298.0	498.0	46.0	40.0	24.0
305.0	0.0	298.0	498.0	46.0	40.0	24.0
305.0	0.0	298.0	498.0	46.0	40.0	24.0
305.0	0.0	298.0	498.0	46.0	40.0	24.0
305.0	0.0	298.0	498.0	46.0	40.0	24.0
305.0	0.0	298.0	498.0	46.0	40.0	24.0
305.0	0.0	298.0	498.0	46.0	40.0	24.0
305.0	0.0	298.0	498.0	46.0	40.0	24.0
305.0	0.0	298.0	498.0	46.0	40.0	24.0
305.0	0.0	298.0	498.0	46.0	40.0	24.0
305.0	0.0	298.0	498.0	46.0	40.0	24.0
302.0	0.0	298.0	485.0	46.0	39.0	24.0
302.0	0.0	298.0	485.0	46.0	39.0	24.0
302.0	0.0	298.0	485.0	46.0	39.0	24.0
302.0	0.0	298.0	485.0	46.0	39.0	24.0
302.0	0.0	298.0	485.0	46.0	39.0	24.0
302.0	0.0	298.0	485.0	46.0	39.0	24.0
302.0	0.0	298.0	485.0	46.0	39.0	24.0
302.0	0.0	298.0	485.0	46.0	39.0	24.0
302.0	0.0	298.0	485.0	46.0	39.0	24.0
302.0	0.0	298.0	485.0	46.0	39.0	24.0
302.0	0.0	298.0	485.0	46.0	39.0	24.0
302.0	0.0	298.0	485.0	46.0	39.0	24.0
292.0	0.0	298.0	491.0	39.0	39.0	24.0
292.0	0.0	298.0	491.0	39.0	39.0	24.0
292.0	0.0	298.0	491.0	39.0	39.0	24.0
292.0	0.0	298.0	491.0	39.0	39.0	24.0
292.0	0.0	298.0	491.0	39.0	39.0	24.0
292.0	0.0	298.0	491.0	39.0	39.0	24.0
292.0	0.0	298.0	491.0	39.0	39.0	24.0
292.0	0.0	298.0	491.0	39.0	39.0	24.0
292.0	0.0	298.0	491.0	39.0	39.0	24.0
292.0	0.0	298.0	491.0	39.0	39.0	24.0
292.0	0.0	298.0	491.0	39.0	39.0	24.0
292.0	0.0	298.0	491.0	39.0	39.0	24.0
293.0	0.0	298.0	502.0	39.0	39.0	24.0
293.0	0.0	298.0	502.0	39.0	39.0	24.0
293.0	0.0	298.0	502.0	39.0	39.0	24.0
293.0	0.0	298.0	502.0	39.0	39.0	24.0
293.0	0.0	298.0	502.0	39.0	39.0	24.0
293.0	0.0	298.0	502.0	39.0	39.0	24.0
293.0	0.0	298.0	502.0	39.0	39.0	24.0
293.0	0.0	298.0	502.0	39.0	39.0	24.0
293.0	0.0	298.0	502.0	39.0	39.0	24.0
293.0	0.0	298.0	502.0	39.0	39.0	24.0
293.0	0.0	298.0	502.0	39.0	39.0	24.0
304.0	0.0	298.0	505.0	39.0	39.0	24.0
304.0	0.0	298.0	505.0	39.0	39.0	24.0
304.0	0.0	298.0	505.0	39.0	39.0	24.0
304.0	0.0	298.0	505.0	39.0	39.0	24.0
304.0	0.0	298.0	505.0	39.0	39.0	24.0
304.0	0.0	298.0	505.0	39.0	39.0	24.0
304.0	0.0	298.0	505.0	39.0	39.0	24.0
304.0	0.0	298.0	505.0	39.0	39.0	24.0
304.0	0.0	298.0	505.0	39.0	39.0	24.0
304.0	0.0	298.0	505.0	39.0	39.0	24.0
304.0	0.0	298.0	505.0	39.0	39.0	24.0
304.0	0.0	298.0	505.0	39.0	39.0	24.0
309.0	0.0	298.0	500.0	39.0	39.0	24.0
309.0	0.0	298.0	500.0	39.0	39.0	24.0
309.0	0.0	298.0	500.0	39.0	39.0	24.0
309.0	0.0	298.0	500.0	39.0	39.0	24.0
309.0	0.0	298.0	500.0	39.0	39.0	24.0
309.0	0.0	298.0	500.0	39.0	39.0	24.0
309.0	0.0	298.0	500.0	39.0	39.0	24.0
309.0	0.0	298.0	500.0	39.0	39.0	24.0
309.0	0.0	298.0	500.0	39.0	39.0	24.0
309.0	0.0	298.0	500.0	39.0	39.0	24.0
309.0	0.0	298.0	500.0	39.0	39.0	24.0
309.0	0.0	298.0	500.0	39.0	39.0	24.0
293.0	0.0	298.0	478.0	39.0	39.0	24.0
293.0	0.0	298.0	478.0	39.0	39.0	24.0
293.0	0.0	298.0	478.0	39.0	39.0	24.0
293.0	0.0	298.0	478.0	39.0	39.0	24.0
293.0	0.0	298.0	478.0	39.0	39.0	24.0
293.0	0.0	298.0	478.0	39.0	39.0	24.0
293.0	0.0	298.0	478.0	39.0	39.0	24.0
293.0	0.0	298.0	478.0	39.0	39.0	24.0
293.0	0.0	298.0	478.0	39.0	39.0	24.0
293.0	0.0	298.0	478.0	39.0	39.0	24.0
293.0	0.0	298.0	478.0	39.0	39.0	24.0
293.0	0.0	298.0	478.0	39.0	39.0	24.0
242.0	0.0	298.0	376.0	56.0	39.0	24.0
242.0	0.0	298.0	376.0	56.0	39.0	24.0
242.0	0.0	298.0	376.0	56.0	39.0	24.0
242.0	0.0	298.0	376.0	56.0	39.0	24.0
242.0	0.0	298.0	376.0	56.0	39.0	24.0
242.0	0.0	298.0	376.0	56.0	39.0	24.0
242.0	0.0	298.0	376.0	56.0	39.0	24.0
242.0	0.0	298.0	376.0	56.0	39.0	24.0
242.0	0.0	298.0	376.0	56.0	39.0	24.0
242.0	0.0	298.0	376.0	56.0	39.0	24.0
242.0	0.0	298.0	376.0	56.0	39.0	24.0
242.0	0.0	298.0	376.0	56.0	39.0	24.0
242.0	0.0	298.0	376.0	56.0	39.0	24.0
242.0	0.0	298.0	376.0	56.0	39.0	24.0
218.0	0.0	298.0	441.0	639.0	39.0	24.0
218.0	0.0	298.0	441.0	639.0	39.0	24.0
218.0	0.0	298.0	441.0	639.0	39.0	24.0
218.0	0.0	298.0	441.0	639.0	39.0	24.0
218.0	0.0	298.0	441.0	639.0	39.0	24.0
218.0	0.0	298.0	441.0	639.0	39.0	24.0
218.0	0.0	298.0	441.0	639.0	39.0	24.0
218.0	0.0	298.0	441.0	639.0	39.0	24.0
218.0	0.0	298.0	441.0	639.0	39.0	24.0
218.0	0.0	298.0	441.0	639.0	39.0	24.0
218.0	0.0	298.0	441.0	639.0	39.0	24.0
218.0	0.0	298.0	441.0	639.0	39.0	24.0
218.0	0.0	298.0	441.0	639.0	39.0	24.0
218.0	0.0	298.0	441.0	639.0	39.0	24.0
218.0	0.0	298.0	441.0	639.0	39.0	24.0
221.0	0.0	298.0	468.0	639.0	38.0	24.0
221.0	0.0	298.0	468.0	639.0	38.0	24.0
221.0	0.0	298.0	468.0	639.0	38.0	24.0
221.0	0.0	298.0	468.0	639.0	38.0	24.0
221.0	0.0	298.0	468.0	639.0	38.0	24.0
221.0	0.0	298.0	468.0	639.0	38.0	24.0
221.0	0.0	298.0	468.0	639.0	38.0	24.0
221.0	0.0	298.0	468.0	639.0	38.0	24.0
221.0	0.0	298.0	468.0	639.0	38.0	24.0
221.0	0.0	298.0	468.0	639.0	38.0	24.0
221.0	0.0	298.0	468.0	639.0	38.0	24.0
221.0	0.0	298.0	468.0	639.0	38.0	24.0
221.0	0.0	298.0	468.0	639.0	38.0	24.0
221.0	0.0	298.0	468.0	639.0	38.0	24.0
221.0	0.0	298.0	468.0	639.0	38.0	24.0
216.0	0.0	298.0	477.0	639.0	38.0	24.0
216.0	0.0	298.0	477.0	639.0	38.0	24.0
216.0	0.0	298.0	477.0	639.0	38.0	24.0
216.0	0.0	298.0	477.0	639.0	38.0	24.0
216.0	0.0	298.0	477.0	639.0	38.0	24.0
216.0	0.0	298.0	477.0	639.0	38.0	24.0
216.0	0.0	298.0	477.0	639.0	38.0	24.0
216.0	0.0	298.0	477.0	639.0	38.0	24.0
216.0	0.0	298.0	477.0	639.0	38.0	24.0
216.0	0.0	298.0	477.0	639.0	38.0	24.0
216.0	0.0	298.0	477.0	639.0	38.0	24.0
216.0	0.0	298.0	477.0	639.0	38.0	24.0
216.0	0.0	298.0	477.0	639.0	38.0	24.0
216.0	0.0	298.0	477.0	639.0	38.0	24.0
216.0	0.0	298.0	477.0	639.0	38.0	24.0
215.0	0.0	298.0	491.0	639.0	38.0	24.0
215.0	0.0	298.0	491.0	639.0	38.0	24.0
215.0	0.0	298.0	491.0	639.0	38.0	24.0
215.0	0.0	298.0	491.0	639.0	38.0	24.0
215.0	0.0	298.0	491.0	639.0	38.0	24.0
215.0	0.0	298.0	491.0	639.0	38.0	24.0
215.0	0.0	298.0	491.0	639.0	38.0	24.0
215.0	0.0	298.0	491.0	639.0	38.0	24.0
215.0	0.0	298.0	491.0	639.0	38.0	24.0
215.0	0.0	298.0	491.0	639.0	38.0	24.0
215.0	0.0	298.0	491.0	639.0	38.0	24.0
215.0	0.0	298.0	491.0	639.0	38.0	24.0
215.0	0.0	298.0	491.0	639.0	38.0	24.0
220.0	0.0	298.0	468.0	56.0	38.0	24.0
220.0	0.0	298.0	468.0	56.0	38.0	24.0
220.0	0.0	298.0	468.0	56.0	38.0	24.0
220.0	0.0	298.0	468.0	56.0	38.0	24.0
220.0	0.0	298.0	468.0	56.0	38.0	24.0
220.0	0.0	298.0	468.0	56.0	38.0	24.0
220.0	0.0	298.0	468.0	56.0	38.0	24.0
220.0	0.0	298.0	468.0	56.0	38.0	24.0
220.0	0.0	298.0	468.0	56.0	38.0	24.0
220.0	0.0	298.0	468.0	56.0	38.0	24.0
220.0	0.0	298.0	468.0	56.0	38.0	24.0
220.0	0.0	298.0	468.0	56.0	38.0	24.0
220.0	0.0	298.0	468.0	56.0	38.0	24.0
220.0	0.0	298.0	468.0	56.0	38.0	24.0
215.0	0.0	298.0	494.0	639.0	38.0	24.0
215.0	0.0	298.0	494.0	639.0	38.0	24.0
215.0	0.0	298.0	494.0	639.0	38.0	24.0
215.0	0.0	298.0	494.0	639.0	38.0	24.0
215.0	0.0	298.0	494.0	639.0	38.0	24.0
215.0	0.0	298.0	494.0	639.0	38.0	24.0
215.0	0.0	298.0	494.0	639.0	38.0	24.0
215.0	0.0	298.0	494.0	639.0	38.0	24.0
215.0	0.0	298.0	494.0	639.0	38.0	24.0
215.0	0.0	298.0	494.0	639.0	38.0	24.0
215.0	0.0	298.0	494.0	639.0	38.0	24.0
215.0	0.0	298.0	494.0	639.0	38.0	24.0
215.0	0.0	298.0	494.0	639.0	38.0	24.0
215.0	0.0	298.0	494.0	639.0	38.0	24.0
215.0	0.0	298.0	494.0	639.0	38.0	24.0
217.0	0.0	298.0	485.0	639.0	38.0	24.0
217.0	0.0	298.0	485.0	639.0	38.0	24.0
217.0	0.0	298.0	485.0	639.0	38.0	24.0
217.0	0.0	298.0	485.0	639.0	38.0	24.0
217.0	0.0	298.0	485.0	639.0	38.0	24.0
217.0	0.0	298.0	485.0	639.0	38.0	24.0
217.0	0.0	298.0	485.0	639.0	38.0	24.0
217.0	0.0	298.0	485.0	639.0	38.0	24.0
217.0	0.0	298.0	485.0	639.0	38.0	24.0
217.0	0.0	298.0	485.0	639.0	38.0	24.0
217.0	0.0	298.0	485.0	639.0	38.0	24.0
217.0	0.0	298.0	485.0	639.0	38.0	24.0
217.0	0.0	298.0	485.0	639.0	38.0	24.0
217.0	0.0	298.0	485.0	639.0	38.0	24.0
214.0	0.0	298.0	474.0	639.0	38.0	24.0
214.0	0.0	298.0	474.0	639.0	38.0	24.0
214.0	0.0	298.0	474.0	639.0	38.0	24.0
214.0	0.0	298.0	474.0	639.0	38.0	24.0
214.0	0.0	298.0	474.0	639.0	38.0	24.0
214.0	0.0	298.0	474.0	639.0	38.0	24.0
214.0	0.0	298.0	474.0	639.0	38.0	24.0
214.0	0.0	298.0	474.0	639.0	38.0	24.0
214.0	0.0	298.0	474.0	639.0	38.0	24.0
214.0	0.0	298.0	474.0	639.0	38.0	24.0
214.0	0.0	298.0	474.0	639.0	38.0	24.0
214.0	0.0	298.0	474.0	639.0	38.0	24.0
214.0	0.0	298.0	474.0	639.0	38.0	24.0
214.0	0.0	298.0	474.0	639.0	38.0	24.0
214.0	0.0	298.0	474.0	639.0	38.0	24.0
217.0	0.0	298.0	449.0	639.0	38.0	24.0
217.0	0.0	298.0	449.0	639.0	38.0	24.0
217.0	0.0	298.0	449.0	639.0	38.0	24.0
217.0	0.0	298.0	449.0	639.0	38.0	24.0
217.0	0.0	298.0	449.0	639.0	38.0	24.0
217.0	0.0	298.0	449.0	639.0	38.0	24.0
217.0	0.0	298.0	449.0	639.0	38.0	24.0
217.0	0.0	298.0	449.0	639.0	38.0	24.0
217.0	0.0	298.0	449.0	639.0	38.0	24.0
217.0	0.0	298.0	449.0	639.0	38.0	24.0
217.0	0.0	298.0	449.0	639.0	38.0	24.0
217.0	0.0	298.0	449.0	639.0	38.0	24.0
217.0	0.0	298.0	449.0	639.0	38.0	24.0
210.0	0.0	298.0	434.0	39.0	38.0	24.0
210.0	0.0	298.0	434.0	39.0	38.0	24.0
210.0	0.0	298.0	434.0	39.0	38.0	24.0
210.0	0.0	298.0	434.0	39.0	38.0	24.0
210.0	0.0	298.0	434.0	39.0	38.0	24.0
210.0	0.0	298.0	434.0	39.0	38.0	24.0
210.0	0.0	298.0	434.0	39.0	38.0	24.0
210.0	0.0	298.0	434.0	39.0	38.0	24.0
210.0	0.0	298.0	434.0	39.0	38.0	24.0
210.0	0.0	298.0	434.0	39.0	38.0	24.0
210.0	0.0	298.0	434.0	39.0	38.0	24.0
210.0	0.0	298.0	434.0	39.0	38.0	24.0
206.0	0.0	298.0	474.0	39.0	38.0	24.0
206.0	0.0	298.0	474.0	39.0	38.0	24.0
206.0	0.0	298.0	474.0	39.0	38.0	24.0
206.0	0.0	298.0	474.0	39.0	38.0	24.0
206.0	0.0	298.0	474.0	39.0	38.0	24.0
206.0	0.0	298.0	474.0	39.0	38.0	24.0
206.0	0.0	298.0	474.0	39.0	38.0	24.0
206.0	0.0	298.0	474.0	39.0	38.0	24.0
206.0	0.0	298.0	474.0	39.0	38.0	24.0
206.0	0.0	298.0	474.0	39.0	38.0	24.0
206.0	0.0	298.0	474.0	39.0	38.0	24.0
206.0	0.0	298.0	474.0	39.0	38.0	24.0
206.0	0.0	298.0	474.0	39.0	38.0	24.0
206.0	0.0	298.0	474.0	39.0	38.0	24.0
206.0	0.0	298.0	476.0	639.0	37.0	24.0
206.0	0.0	298.0	476.0	639.0	37.0	24.0
206.0	0.0	298.0	476.0	639.0	37.0	24.0
206.0	0.0	298.0	476.0	639.0	37.0	24.0
206.0	0.0	298.0	476.0	639.0	37.0	24.0
206.0	0.0	298.0	476.0	639.0	37.0	24.0
206.0	0.0	298.0	476.0	639.0	37.0	24.0
206.0	0.0	298.0	476.0	639.0	37.0	24.0
206.0	0.0	298.0	476.0	639.0	37.0	24.0
206.0	0.0	298.0	476.0	639.0	37.0	24.0
206.0	0.0	298.0	476.0	639.0	37.0	24.0
206.0	0.0	298.0	476.0	639.0	37.0	24.0
206.0	0.0	298.0	476.0	639.0	37.0	24.0
206.0	0.0	298.0	476.0	639.0	37.0	24.0
206.0	0.0	298.0	476.0	639.0	37.0	24.0
199.0	0.0	298.0	443.0	639.0	37.0	24.0
199.0	0.0	298.0	443.0	639.0	37.0	24.0
199.0	0.0	298.0	443.0	639.0	37.0	24.0
199.0	0.0	298.0	443.0	639.0	37.0	24.0
199.0	0.0	298.0	443.0	639.0	37.0	24.0
199.0	0.0	298.0	443.0	639.0	37.0	24.0
199.0	0.0	298.0	443.0	639.0	37.0	24.0
199.0	0.0	298.0	443.0	639.0	37.0	24.0
199.0	0.0	298.0	443.0	639.0	37.0	24.0
199.0	0.0	298.0	443.0	639.0	37.0	24.0
199.0	0.0	298.0	443.0	639.0	37.0	24.0
199.0	0.0	298.0	443.0	639.0	37.0	24.0
199.0	0.0	298.0	443.0	639.0	37.0	24.0
199.0	0.0	298.0	443.0	639.0	37.0	24.0
199.0	0.0	298.0	443.0	639.0	37.0	24.0
201.0	0.0	298.0	562.0	639.0	37.0	24.0
201.0	0.0	298.0	562.0	639.0	37.0	24.0
201.0	0.0	298.0	562.0	639.0	37.0	24.0
201.0	0.0	298.0	562.0	639.0	37.0	24.0
201.0	0.0	298.0	562.0	639.0	37.0	24.0
201.0	0.0	298.0	562.0	639.0	37.0	24.0
201.0	0.0	298.0	562.0	639.0	37.0	24.0
201.0	0.0	298.0	562.0	639.0	37.0	24.0
201.0	0.0	298.0	562.0	639.0	37.0	24.0
201.0	0.0	298.0	562.0	639.0	37.0	24.0
201.0	0.0	298.0	562.0	639.0	37.0	24.0
201.0	0.0	298.0	562.0	639.0	37.0	24.0
201.0	0.0	298.0	562.0	639.0	37.0	24.0
201.0	0.0	298.0	562.0	639.0	37.0	24.0
201.0	0.0	298.0	562.0	639.0	37.0	24.0
207.0	0.0	297.0	482.0	639.0	37.0	24.0
207.0	0.0	297.0	482.0	639.0	37.0	24.0
207.0	0.0	297.0	482.0	639.0	37.0	24.0
207.0	0.0	297.0	482.0	639.0	37.0	24.0
207.0	0.0	297.0	482.0	639.0	37.0	24.0
207.0	0.0	297.0	482.0	639.0	37.0	24.0
207.0	0.0	297.0	482.0	639.0	37.0	24.0
207.0	0.0	297.0	482.0	639.0	37.0	24.0
207.0	0.0	297.0	482.0	639.0	37.0	24.0
207.0	0.0	297.0	482.0	639.0	37.0	24.0
207.0	0.0	297.0	482.0	639.0	37.0	24.0
207.0	0.0	297.0	482.0	639.0	37.0	24.0
207.0	0.0	297.0	482.0	639.0	37.0	24.0
207.0	0.0	297.0	482.0	639.0	37.0	24.0
206.0	0.0	297.0	449.0	639.0	37.0	24.0
206.0	0.0	297.0	449.0	639.0	37.0	24.0
206.0	0.0	297.0	449.0	639.0	37.0	24.0
206.0	0.0	297.0	449.0	639.0	37.0	24.0
206.0	0.0	297.0	449.0	639.0	37.0	24.0
206.0	0.0	297.0	449.0	639.0	37.0	24.0
206.0	0.0	297.0	449.0	639.0	37.0	24.0
206.0	0.0	297.0	449.0	639.0	37.0	24.0
206.0	0.0	297.0	449.0	639.0	37.0	24.0
206.0	0.0	297.0	449.0	639.0	37.0	24.0
206.0	0.0	297.0	449.0	639.0	37.0	24.0
206.0	0.0	297.0	449.0	639.0	37.0	24.0
206.0	0.0	297.0	449.0	639.0	37.0	24.0
206.0	0.0	297.0	449.0	639.0	37.0	24.0
206.0	0.0	297.0	449.0	639.0	37.0	24.0
205.0	0.0	298.0	477.0	639.0	36.0	24.0
205.0	0.0	298.0	477.0	639.0	36.0	24.0
205.0	0.0	298.0	477.0	639.0	36.0	24.0
205.0	0.0	298.0	477.0	639.0	36.0	24.0
205.0	0.0	298.0	477.0	639.0	36.0	24.0
205.0	0.0	298.0	477.0	639.0	36.0	24.0
205.0	0.0	298.0	477.0	639.0	36.0	24.0
205.0	0.0	298.0	477.0	639.0	36.0	24.0
205.0	0.0	298.0	477.0	639.0	36.0	24.0
205.0	0.0	298.0	477.0	639.0	36.0	24.0
205.0	0.0	298.0	477.0	639.0	36.0	24.0
205.0	0.0	298.0	477.0	639.0	36.0	24.0
205.0	0.0	298.0	477.0	639.0	36.0	24.0
205.0	0.0	298.0	477.0	639.0	36.0	24.0
205.0	0.0	298.0	477.0	639.0	36.0	24.0
205.0	0.0	298.0	460.0	639.0	36.0	24.0
205.0	0.0	298.0	460.0	639.0	36.0	24.0
205.0	0.0	298.0	460.0	639.0	36.0	24.0
205.0	0.0	298.0	460.0	639.0	36.0	24.0
205.0	0.0	298.0	460.0	639.0	36.0	24.0
205.0	0.0	298.0	460.0	639.0	36.0	24.0
205.0	0.0	298.0	460.0	639.0	36.0	24.0
205.0	0.0	298.0	460.0	639.0	36.0	24.0
205.0	0.0	298.0	460.0	639.0	36.0	24.0
205.0	0.0	298.0	460.0	639.0	36.0	24.0
205.0	0.0	298.0	460.0	639.0	36.0	24.0
205.0	0.0	298.0	460.0	639.0	36.0	24.0
205.0	0.0	298.0	460.0	639.0	36.0	24.0
204.0	0.0	298.0	464.0	71.0	37.0	24.0
204.0	0.0	298.0	464.0	71.0	37.0	24.0
204.0	0.0	298.0	464.0	71.0	37.0	24.0
204.0	0.0	298.0	464.0	71.0	37.0	24.0
204.0	0.0	298.0	464.0	71.0	37.0	24.0
204.0	0.0	298.0	464.0	71.0	37.0	24.0
204.0	0.0	298.0	464.0	71.0	37.0	24.0
204.0	0.0	298.0	464.0	71.0	37.0	24.0
204.0	0.0	298.0	464.0	71.0	37.0	24.0
204.0	0.0	298.0	464.0	71.0	37.0	24.0
204.0	0.0	298.0	464.0	71.0	37.0	24.0
204.0	0.0	298.0	464.0	71.0	37.0	24.0
198.0	0.0	298.0	472.0	71.0	37.0	24.0
198.0	0.0	298.0	472.0	71.0	37.0	24.0
198.0	0.0	298.0	472.0	71.0	37.0	24.0
198.0	0.0	298.0	472.0	71.0	37.0	24.0
198.0	0.0	298.0	472.0	71.0	37.0	24.0
198.0	0.0	298.0	472.0	71.0	37.0	24.0
198.0	0.0	298.0	472.0	71.0	37.0	24.0
198.0	0.0	298.0	472.0	71.0	37.0	24.0
198.0	0.0	298.0	472.0	71.0	37.0	24.0
198.0	0.0	298.0	472.0	71.0	37.0	24.0
198.0	0.0	298.0	472.0	71.0	37.0	24.0
198.0	0.0	298.0	472.0	71.0	37.0	24.0
198.0	0.0	298.0	472.0	71.0	37.0	24.0
198.0	0.0	298.0	472.0	71.0	37.0	24.0
199.0	0.0	298.0	459.0	639.0	37.0	24.0
199.0	0.0	298.0	459.0	639.0	37.0	24.0
199.0	0.0	298.0	459.0	639.0	37.0	24.0
199.0	0.0	298.0	459.0	639.0	37.0	24.0
199.0	0.0	298.0	459.0	639.0	37.0	24.0
199.0	0.0	298.0	459.0	639.0	37.0	24.0
199.0	0.0	298.0	459.0	639.0	37.0	24.0
199.0	0.0	298.0	459.0	639.0	37.0	24.0
199.0	0.0	298.0	459.0	639.0	37.0	24.0
199.0	0.0	298.0	459.0	639.0	37.0	24.0
199.0	0.0	298.0	459.0	639.0	37.0	24.0
199.0	0.0	298.0	459.0	639.0	37.0	24.0
199.0	0.0	298.0	459.0	639.0	37.0	24.0
199.0	0.0	298.0	459.0	639.0	37.0	24.0
199.0	0.0	298.0	459.0	639.0	37.0	24.0
194.0	0.0	298.0	460.0	639.0	37.0	24.0
194.0	0.0	298.0	460.0	639.0	37.0	24.0
194.0	0.0	298.0	460.0	639.0	37.0	24.0
194.0	0.0	298.0	460.0	639.0	37.0	24.0
194.0	0.0	298.0	460.0	639.0	37.0	24.0
194.0	0.0	298.0	460.0	639.0	37.0	24.0
194.0	0.0	298.0	460.0	639.0	37.0	24.0
194.0	0.0	298.0	460.0	639.0	37.0	24.0
194.0	0.0	298.0	460.0	639.0	37.0	24.0
194.0	0.0	298.0	460.0	639.0	37.0	24.0
194.0	0.0	298.0	460.0	639.0	37.0	24.0
194.0	0.0	298.0	460.0	639.0	37.0	24.0
194.0	0.0	298.0	460.0	639.0	37.0	24.0
194.0	0.0	298.0	460.0	639.0	37.0	24.0
198.0	0.0	298.0	486.0	639.0	37.0	24.0
198.0	0.0	298.0	486.0	639.0	37.0	24.0
198.0	0.0	298.0	486.0	639.0	37.0	24.0
198.0	0.0	298.0	486.0	639.0	37.0	24.0
198.0	0.0	298.0	486.0	639.0	37.0	24.0
198.0	0.0	298.0	486.0	639.0	37.0	24.0
198.0	0.0	298.0	486.0	639.0	37.0	24.0
198.0	0.0	298.0	486.0	639.0	37.0	24.0
198.0	0.0	298.0	486.0	639.0	37.0	24.0
198.0	0.0	298.0	486.0	639.0	37.0	24.0
198.0	0.0	298.0	486.0	639.0	37.0	24.0
198.0	0.0	298.0	486.0	639.0	37.0	24.0
198.0	0.0	298.0	486.0	639.0	37.0	24.0
198.0	0.0	298.0	486.0	639.0	37.0	24.0
198.0	0.0	298.0	486.0	639.0	37.0	24.0
195.0	0.0	298.0	459.0	639.0	37.0	24.0
195.0	0.0	298.0	459.0	639.0	37.0	24.0
195.0	0.0	298.0	459.0	639.0	37.0	24.0
195.0	0.0	298.0	459.0	639.0	37.0	24.0
195.0	0.0	298.0	459.0	639.0	37.0	24.0
195.0	0.0	298.0	459.0	639.0	37.0	24.0
195.0	0.0	298.0	459.0	639.0	37.0	24.0
195.0	0.0	298.0	459.0	639.0	37.0	24.0
195.0	0.0	298.0	459.0	639.0	37.0	24.0
195.0	0.0	298.0	459.0	639.0	37.0	24.0
195.0	0.0	298.0	459.0	639.0	37.0	24.0
195.0	0.0	298.0	459.0	639.0	37.0	24.0
195.0	0.0	298.0	459.0	639.0	37.0	24.0
195.0	0.0	298.0	459.0	639.0	37.0	24.0
195.0	0.0	298.0	459.0	639.0	37.0	24.0
192.0	0.0	298.0	479.0	639.0	37.0	24.0
192.0	0.0	298.0	479.0	639.0	37.0	24.0
192.0	0.0	298.0	479.0	639.0	37.0	24.0
192.0	0.0	298.0	479.0	639.0	37.0	24.0
192.0	0.0	298.0	479.0	639.0	37.0	24.0
192.0	0.0	298.0	479.0	639.0	37.0	24.0
192.0	0.0	298.0	479.0	639.0	37.0	24.0
192.0	0.0	298.0	479.0	639.0	37.0	24.0
192.0	0.0	298.0	479.0	639.0	37.0	24.0
192.0	0.0	298.0	479.0	639.0	37.0	24.0
192.0	0.0	298.0	479.0	639.0	37.0	24.0
192.0	0.0	298.0	479.0	639.0	37.0	24.0
192.0	0.0	298.0	479.0	639.0	37.0	24.0
192.0	0.0	298.0	479.0	639.0	37.0	24.0
192.0	0.0	298.0	479.0	639.0	37.0	24.0
195.0	0.0	298.0	466.0	639.0	37.0	24.0
195.0	0.0	298.0	466.0	639.0	37.0	24.0
195.0	0.0	298.0	466.0	639.0	37.0	24.0
195.0	0.0	298.0	466.0	639.0	37.0	24.0
195.0	0.0	298.0	466.0	639.0	37.0	24.0
195.0	0.0	298.0	466.0	639.0	37.0	24.0
195.0	0.0	298.0	466.0	639.0	37.0	24.0
195.0	0.0	298.0	466.0	639.0	37.0	24.0
195.0	0.0	298.0	466.0	639.0	37.0	24.0
195.0	0.0	298.0	466.0	639.0	37.0	24.0
195.0	0.0	298.0	466.0	639.0	37.0	24.0
195.0	0.0	298.0	466.0	639.0	37.0	24.0
195.0	0.0	298.0	466.0	639.0	37.0	24.0
195.0	0.0	298.0	466.0	639.0	37.0	24.0
195.0	0.0	298.0	466.0	639.0	37.0	24.0
198.0	0.0	298.0	433.0	639.0	36.0	24.0
198.0	0.0	298.0	433.0	639.0	36.0	24.0
198.0	0.0	298.0	433.0	639.0	36.0	24.0
198.0	0.0	298.0	433.0	639.0	36.0	24.0
198.0	0.0	298.0	433.0	639.0	36.0	24.0
198.0	0.0	298.0	433.0	639.0	36.0	24.0
198.0	0.0	298.0	433.0	639.0	36.0	24.0
198.0	0.0	298.0	433.0	639.0	36.0	24.0
198.0	0.0	298.0	433.0	639.0	36.0	24.0
198.0	0.0	298.0	433.0	639.0	36.0	24.0
198.0	0.0	298.0	433.0	639.0	36.0	24.0
198.0	0.0	298.0	433.0	639.0	36.0	24.0
198.0	0.0	298.0	433.0	639.0	36.0	24.0
198.0	0.0	298.0	433.0	639.0	36.0	24.0
198.0	0.0	298.0	433.0	639.0	36.0	24.0
193.0	0.0	298.0	439.0	639.0	36.0	24.0
193.0	0.0	298.0	439.0	639.0	36.0	24.0
193.0	0.0	298.0	439.0	639.0	36.0	24.0
193.0	0.0	298.0	439.0	639.0	36.0	24.0
193.0	0.0	298.0	439.0	639.0	36.0	24.0
193.0	0.0	298.0	439.0	639.0	36.0	24.0
193.0	0.0	298.0	439.0	639.0	36.0	24.0
193.0	0.0	298.0	439.0	639.0	36.0	24.0
193.0	0.0	298.0	439.0	639.0	36.0	24.0
193.0	0.0	298.0	439.0	639.0	36.0	24.0
193.0	0.0	298.0	439.0	639.0	36.0	24.0
193.0	0.0	298.0	439.0	639.0	36.0	24.0
193.0	0.0	298.0	439.0	639.0	36.0	24.0
193.0	0.0	298.0	439.0	639.0	36.0	24.0
192.0	0.0	298.0	460.0	639.0	36.0	24.0
192.0	0.0	298.0	460.0	639.0	36.0	24.0
192.0	0.0	298.0	460.0	639.0	36.0	24.0
192.0	0.0	298.0	460.0	639.0	36.0	24.0
192.0	0.0	298.0	460.0	639.0	36.0	24.0
192.0	0.0	298.0	460.0	639.0	36.0	24.0
192.0	0.0	298.0	460.0	639.0	36.0	24.0
192.0	0.0	298.0	460.0	639.0	36.0	24.0
192.0	0.0	298.0	460.0	639.0	36.0	24.0
192.0	0.0	298.0	460.0	639.0	36.0	24.0
192.0	0.0	298.0	460.0	639.0	36.0	24.0
192.0	0.0	298.0	460.0	639.0	36.0	24.0
192.0	0.0	298.0	460.0	639.0	36.0	24.0
192.0	0.0	298.0	460.0	639.0	36.0	24.0
192.0	0.0	298.0	460.0	639.0	36.0	24.0
198.0	0.0	298.0	468.0	639.0	36.0	24.0
198.0	0.0	298.0	468.0	639.0	36.0	24.0
198.0	0.0	298.0	468.0	639.0	36.0	24.0
198.0	0.0	298.0	468.0	639.0	36.0	24.0
198.0	0.0	298.0	468.0	639.0	36.0	24.0
198.0	0.0	298.0	468.0	639.0	36.0	24.0
198.0	0.0	298.0	468.0	639.0	36.0	24.0
198.0	0.0	298.0	468.0	639.0	36.0	24.0
198.0	0.0	298.0	468.0	639.0	36.0	24.0
198.0	0.0	298.0	468.0	639.0	36.0	24.0
198.0	0.0	298.0	468.0	639.0	36.0	24.0
198.0	0.0	298.0	468.0	639.0	36.0	24.0
198.0	0.0	298.0	468.0	639.0	36.0	24.0
198.0	0.0	298.0	468.0	639.0	36.0	24.0
198.0	0.0	298.0	468.0	639.0	36.0	24.0
196.0	0.0	298.0	463.0	639.0	36.0	24.0
196.0	0.0	298.0	463.0	639.0	36.0	24.0
196.0	0.0	298.0	463.0	639.0	36.0	24.0
196.0	0.0	298.0	463.0	639.0	36.0	24.0
196.0	0.0	298.0	463.0	639.0	36.0	24.0
196.0	0.0	298.0	463.0	639.0	36.0	24.0
196.0	0.0	298.0	463.0	639.0	36.0	24.0
196.0	0.0	298.0	463.0	639.0	36.0	24.0
196.0	0.0	298.0	463.0	639.0	36.0	24.0
196.0	0.0	298.0	463.0	639.0	36.0	24.0
196.0	0.0	298.0	463.0	639.0	36.0	24.0
196.0	0.0	298.0	463.0	639.0	36.0	24.0
196.0	0.0	298.0	463.0	639.0	36.0	24.0
196.0	0.0	298.0	463.0	639.0	36.0	24.0
196.0	0.0	298.0	463.0	639.0	36.0	24.0
191.0	0.0	298.0	473.0	639.0	36.0	24.0
191.0	0.0	298.0	473.0	639.0	36.0	24.0
191.0	0.0	298.0	473.0	639.0	36.0	24.0
191.0	0.0	298.0	473.0	639.0	36.0	24.0
191.0	0.0	298.0	473.0	639.0	36.0	24.0
191.0	0.0	298.0	473.0	639.0	36.0	24.0
191.0	0.0	298.0	473.0	639.0	36.0	24.0
191.0	0.0	298.0	473.0	639.0	36.0	24.0
191.0	0.0	298.0	473.0	639.0	36.0	24.0
191.0	0.0	298.0	473.0	639.0	36.0	24.0
191.0	0.0	298.0	473.0	639.0	36.0	24.0
191.0	0.0	298.0	473.0	639.0	36.0	24.0
191.0	0.0	298.0	473.0	639.0	36.0	24.0
191.0	0.0	298.0	473.0	639.0	36.0	24.0
191.0	0.0	298.0	473.0	639.0	36.0	24.0
200.0	0.0	298.0	517.0	639.0	36.0	24.0
200.0	0.0	298.0	517.0	639.0	36.0	24.0
200.0	0.0	298.0	517.0	639.0	36.0	24.0
200.0	0.0	298.0	517.0	639.0	36.0	24.0
200.0	0.0	298.0	517.0	639.0	36.0	24.0
200.0	0.0	298.0	517.0	639.0	36.0	24.0
200.0	0.0	298.0	517.0	639.0	36.0	24.0
200.0	0.0	298.0	517.0	639.0	36.0	24.0
200.0	0.0	298.0	517.0	639.0	36.0	24.0
200.0	0.0	298.0	517.0	639.0	36.0	24.0
200.0	0.0	298.0	517.0	639.0	36.0	24.0
200.0	0.0	298.0	517.0	639.0	36.0	24.0
208.0	0.0	298.0	523.0	54.0	35.0	24.0
208.0	0.0	298.0	523.0	54.0	35.0	24.0
208.0	0.0	298.0	523.0	54.0	35.0	24.0
208.0	0.0	298.0	523.0	54.0	35.0	24.0
208.0	0.0	298.0	523.0	54.0	35.0	24.0
208.0	0.0	298.0	523.0	54.0	35.0	24.0
208.0	0.0	298.0	523.0	54.0	35.0	24.0
208.0	0.0	298.0	523.0	54.0	35.0	24.0
208.0	0.0	298.0	523.0	54.0	35.0	24.0
208.0	0.0	298.0	523.0	54.0	35.0	24.0
208.0	0.0	298.0	523.0	54.0	35.0	24.0
208.0	0.0	298.0	523.0	54.0	35.0	24.0
210.0	0.0	298.0	560.0	69.0	35.0	24.0
210.0	0.0	298.0	560.0	69.0	35.0	24.0
210.0	0.0	298.0	560.0	69.0	35.0	24.0
210.0	0.0	298.0	560.0	69.0	35.0	24.0
210.0	0.0	298.0	560.0	69.0	35.0	24.0
210.0	0.0	298.0	560.0	69.0	35.0	24.0
210.0	0.0	298.0	560.0	69.0	35.0	24.0
210.0	0.0	298.0	560.0	69.0	35.0	24.0
210.0	0.0	298.0	560.0	69.0	35.0	24.0
210.0	0.0	298.0	560.0	69.0	35.0	24.0
210.0	0.0	298.0	560.0	69.0	35.0	24.0
210.0	0.0	298.0	560.0	69.0	35.0	24.0
210.0	0.0	298.0	560.0	69.0	35.0	24.0
210.0	0.0	298.0	560.0	69.0	35.0	24.0
205.0	0.0	298.0	556.0	639.0	35.0	24.0
205.0	0.0	298.0	556.0	639.0	35.0	24.0
205.0	0.0	298.0	556.0	639.0	35.0	24.0
205.0	0.0	298.0	556.0	639.0	35.0	24.0
205.0	0.0	298.0	556.0	639.0	35.0	24.0
205.0	0.0	298.0	556.0	639.0	35.0	24.0
205.0	0.0	298.0	556.0	639.0	35.0	24.0
205.0	0.0	298.0	556.0	639.0	35.0	24.0
205.0	0.0	298.0	556.0	639.0	35.0	24.0
205.0	0.0	298.0	556.0	639.0	35.0	24.0
205.0	0.0	298.0	556.0	639.0	35.0	24.0
205.0	0.0	298.0	556.0	639.0	35.0	24.0
205.0	0.0	298.0	556.0	639.0	35.0	24.0
205.0	0.0	298.0	556.0	639.0	35.0	24.0
205.0	0.0	298.0	556.0	639.0	35.0	24.0
208.0	0.0	298.0	487.0	639.0	35.0	24.0
208.0	0.0	298.0	487.0	639.0	35.0	24.0
208.0	0.0	298.0	487.0	639.0	35.0	24.0
208.0	0.0	298.0	487.0	639.0	35.0	24.0
208.0	0.0	298.0	487.0	639.0	35.0	24.0
208.0	0.0	298.0	487.0	639.0	35.0	24.0
208.0	0.0	298.0	487.0	639.0	35.0	24.0
208.0	0.0	298.0	487.0	639.0	35.0	24.0
208.0	0.0	298.0	487.0	639.0	35.0	24.0
208.0	0.0	298.0	487.0	639.0	35.0	24.0
208.0	0.0	298.0	487.0	639.0	35.0	24.0
208.0	0.0	298.0	487.0	639.0	35.0	24.0
208.0	0.0	298.0	487.0	639.0	35.0	24.0
208.0	0.0	298.0	487.0	639.0	35.0	24.0
208.0	0.0	298.0	487.0	639.0	35.0	24.0
215.0	0.0	298.0	800.0	639.0	35.0	24.0
215.0	0.0	298.0	800.0	639.0	35.0	24.0
215.0	0.0	298.0	800.0	639.0	35.0	24.0
215.0	0.0	298.0	800.0	639.0	35.0	24.0
215.0	0.0	298.0	800.0	639.0	35.0	24.0
215.0	0.0	298.0	800.0	639.0	35.0	24.0
215.0	0.0	298.0	800.0	639.0	35.0	24.0
215.0	0.0	298.0	800.0	639.0	35.0	24.0
215.0	0.0	298.0	800.0	639.0	35.0	24.0
215.0	0.0	298.0	800.0	639.0	35.0	24.0
215.0	0.0	298.0	800.0	639.0	35.0	24.0
215.0	0.0	298.0	800.0	639.0	35.0	24.0
215.0	0.0	298.0	800.0	639.0	35.0	24.0
215.0	0.0	298.0	800.0	639.0	35.0	24.0
215.0	0.0	298.0	800.0	639.0	35.0	24.0
206.0	0.0	298.0	0.0	639.0	35.0	24.0
206.0	0.0	298.0	0.0	639.0	35.0	24.0
206.0	0.0	298.0	0.0	639.0	35.0	24.0
206.0	0.0	298.0	0.0	639.0	35.0	24.0
206.0	0.0	298.0	0.0	639.0	35.0	24.0
206.0	0.0	298.0	0.0	639.0	35.0	24.0
206.0	0.0	298.0	0.0	639.0	35.0	24.0
206.0	0.0	298.0	0.0	639.0	35.0	24.0
206.0	0.0	298.0	0.0	639.0	35.0	24.0
206.0	0.0	298.0	0.0	639.0	35.0	24.0
206.0	0.0	298.0	0.0	639.0	35.0	24.0
206.0	0.0	298.0	0.0	639.0	35.0	24.0
206.0	0.0	298.0	0.0	639.0	35.0	24.0
206.0	0.0	298.0	0.0	639.0	35.0	24.0
206.0	0.0	298.0	0.0	639.0	35.0	24.0
192.0	0.0	298.0	454.0	639.0	35.0	24.0
192.0	0.0	298.0	454.0	639.0	35.0	24.0
192.0	0.0	298.0	454.0	639.0	35.0	24.0
192.0	0.0	298.0	454.0	639.0	35.0	24.0
192.0	0.0	298.0	454.0	639.0	35.0	24.0
192.0	0.0	298.0	454.0	639.0	35.0	24.0
192.0	0.0	298.0	454.0	639.0	35.0	24.0
192.0	0.0	298.0	454.0	639.0	35.0	24.0
192.0	0.0	298.0	454.0	639.0	35.0	24.0
192.0	0.0	298.0	454.0	639.0	35.0	24.0
192.0	0.0	298.0	454.0	639.0	35.0	24.0
192.0	0.0	298.0	454.0	639.0	35.0	24.0
192.0	0.0	298.0	454.0	639.0	35.0	24.0
192.0	0.0	298.0	454.0	639.0	35.0	24.0
192.0	0.0	298.0	454.0	639.0	35.0	24.0
191.0	0.0	298.0	397.0	639.0	35.0	24.0
191.0	0.0	298.0	397.0	639.0	35.0	24.0
191.0	0.0	298.0	397.0	639.0	35.0	24.0
191.0	0.0	298.0	397.0	639.0	35.0	24.0
191.0	0.0	298.0	397.0	639.0	35.0	24.0
191.0	0.0	298.0	397.0	639.0	35.0	24.0
191.0	0.0	298.0	397.0	639.0	35.0	24.0
191.0	0.0	298.0	397.0	639.0	35.0	24.0
191.0	0.0	298.0	397.0	639.0	35.0	24.0
191.0	0.0	298.0	397.0	639.0	35.0	24.0
191.0	0.0	298.0	397.0	639.0	35.0	24.0
191.0	0.0	298.0	397.0	639.0	35.0	24.0
191.0	0.0	298.0	397.0	639.0	35.0	24.0
191.0	0.0	298.0	397.0	639.0	35.0	24.0
198.0	0.0	298.0	512.0	639.0	35.0	24.0
198.0	0.0	298.0	512.0	639.0	35.0	24.0
198.0	0.0	298.0	512.0	639.0	35.0	24.0
198.0	0.0	298.0	512.0	639.0	35.0	24.0
198.0	0.0	298.0	512.0	639.0	35.0	24.0
198.0	0.0	298.0	512.0	639.0	35.0	24.0
198.0	0.0	298.0	512.0	639.0	35.0	24.0
198.0	0.0	298.0	512.0	639.0	35.0	24.0
198.0	0.0	298.0	512.0	639.0	35.0	24.0
198.0	0.0	298.0	512.0	639.0	35.0	24.0
198.0	0.0	298.0	512.0	639.0	35.0	24.0
198.0	0.0	298.0	512.0	639.0	35.0	24.0
198.0	0.0	298.0	512.0	639.0	35.0	24.0
198.0	0.0	298.0	512.0	639.0	35.0	24.0
198.0	0.0	298.0	512.0	639.0	35.0	24.0
195.0	0.0	298.0	748.0	639.0	35.0	24.0
195.0	0.0	298.0	748.0	639.0	35.0	24.0
195.0	0.0	298.0	748.0	639.0	35.0	24.0
195.0	0.0	298.0	748.0	639.0	35.0	24.0
195.0	0.0	298.0	748.0	639.0	35.0	24.0
195.0	0.0	298.0	748.0	639.0	35.0	24.0
195.0	0.0	298.0	748.0	639.0	35.0	24.0
195.0	0.0	298.0	748.0	639.0	35.0	24.0
195.0	0.0	298.0	748.0	639.0	35.0	24.0
195.0	0.0	298.0	748.0	639.0	35.0	24.0
195.0	0.0	298.0	748.0	639.0	35.0	24.0
195.0	0.0	298.0	748.0	639.0	35.0	24.0
195.0	0.0	298.0	748.0	639.0	35.0	24.0
195.0	0.0	298.0	748.0	639.0	35.0	24.0
195.0	0.0	298.0	748.0	639.0	35.0	24.0
189.0	0.0	298.0	416.0	639.0	35.0	24.0
189.0	0.0	298.0	416.0	639.0	35.0	24.0
189.0	0.0	298.0	416.0	639.0	35.0	24.0
189.0	0.0	298.0	416.0	639.0	35.0	24.0
189.0	0.0	298.0	416.0	639.0	35.0	24.0
189.0	0.0	298.0	416.0	639.0	35.0	24.0
189.0	0.0	298.0	416.0	639.0	35.0	24.0
189.0	0.0	298.0	416.0	639.0	35.0	24.0
189.0	0.0	298.0	416.0	639.0	35.0	24.0
189.0	0.0	298.0	416.0	639.0	35.0	24.0
189.0	0.0	298.0	416.0	639.0	35.0	24.0
189.0	0.0	298.0	416.0	639.0	35.0	24.0
189.0	0.0	298.0	416.0	639.0	35.0	24.0
189.0	0.0	298.0	416.0	639.0	35.0	24.0
189.0	0.0	298.0	416.0	639.0	35.0	24.0
191.0	0.0	298.0	260.0	639.0	35.0	24.0
191.0	0.0	298.0	260.0	639.0	35.0	24.0
191.0	0.0	298.0	260.0	639.0	35.0	24.0
191.0	0.0	298.0	260.0	639.0	35.0	24.0
191.0	0.0	298.0	260.0	639.0	35.0	24.0
191.0	0.0	298.0	260.0	639.0	35.0	24.0
191.0	0.0	298.0	260.0	639.0	35.0	24.0
191.0	0.0	298.0	260.0	639.0	35.0	24.0
191.0	0.0	298.0	260.0	639.0	35.0	24.0
191.0	0.0	298.0	260.0	639.0	35.0	24.0
191.0	0.0	298.0	260.0	639.0	35.0	24.0
191.0	0.0	298.0	260.0	639.0	35.0	24.0
191.0	0.0	298.0	260.0	639.0	35.0	24.0
191.0	0.0	298.0	260.0	639.0	35.0	24.0
191.0	0.0	298.0	260.0	639.0	35.0	24.0
197.0	0.0	298.0	497.0	639.0	35.0	24.0
197.0	0.0	298.0	497.0	639.0	35.0	24.0
197.0	0.0	298.0	497.0	639.0	35.0	24.0
197.0	0.0	298.0	497.0	639.0	35.0	24.0
197.0	0.0	298.0	497.0	639.0	35.0	24.0
197.0	0.0	298.0	497.0	639.0	35.0	24.0
197.0	0.0	298.0	497.0	639.0	35.0	24.0
197.0	0.0	298.0	497.0	639.0	35.0	24.0
197.0	0.0	298.0	497.0	639.0	35.0	24.0
197.0	0.0	298.0	497.0	639.0	35.0	24.0
197.0	0.0	298.0	497.0	639.0	35.0	24.0
197.0	0.0	298.0	497.0	639.0	35.0	24.0
197.0	0.0	298.0	497.0	639.0	35.0	24.0
197.0	0.0	298.0	497.0	639.0	35.0	24.0
197.0	0.0	298.0	497.0	639.0	35.0	24.0
195.0	0.0	298.0	497.0	639.0	35.0	24.0
195.0	0.0	298.0	497.0	639.0	35.0	24.0
195.0	0.0	298.0	497.0	639.0	35.0	24.0
195.0	0.0	298.0	497.0	639.0	35.0	24.0
195.0	0.0	298.0	497.0	639.0	35.0	24.0
195.0	0.0	298.0	497.0	639.0	35.0	24.0
195.0	0.0	298.0	497.0	639.0	35.0	24.0
195.0	0.0	298.0	497.0	639.0	35.0	24.0
195.0	0.0	298.0	497.0	639.0	35.0	24.0
195.0	0.0	298.0	497.0	639.0	35.0	24.0
195.0	0.0	298.0	497.0	639.0	35.0	24.0
195.0	0.0	298.0	497.0	639.0	35.0	24.0
195.0	0.0	298.0	497.0	639.0	35.0	24.0
195.0	0.0	298.0	497.0	639.0	35.0	24.0
189.0	0.0	298.0	305.0	639.0	35.0	24.0
189.0	0.0	298.0	305.0	639.0	35.0	24.0
189.0	0.0	298.0	305.0	639.0	35.0	24.0
189.0	0.0	298.0	305.0	639.0	35.0	24.0
189.0	0.0	298.0	305.0	639.0	35.0	24.0
189.0	0.0	298.0	305.0	639.0	35.0	24.0
189.0	0.0	298.0	305.0	639.0	35.0	24.0
189.0	0.0	298.0	305.0	639.0	35.0	24.0
189.0	0.0	298.0	305.0	639.0	35.0	24.0
189.0	0.0	298.0	305.0	639.0	35.0	24.0
189.0	0.0	298.0	305.0	639.0	35.0	24.0
189.0	0.0	298.0	305.0	639.0	35.0	24.0
189.0	0.0	298.0	305.0	639.0	35.0	24.0
189.0	0.0	298.0	305.0	639.0	35.0	24.0
189.0	0.0	298.0	305.0	639.0	35.0	24.0
191.0	0.0	298.0	493.0	639.0	35.0	24.0
191.0	0.0	298.0	493.0	639.0	35.0	24.0
191.0	0.0	298.0	493.0	639.0	35.0	24.0
191.0	0.0	298.0	493.0	639.0	35.0	24.0
191.0	0.0	298.0	493.0	639.0	35.0	24.0
191.0	0.0	298.0	493.0	639.0	35.0	24.0
191.0	0.0	298.0	493.0	639.0	35.0	24.0
191.0	0.0	298.0	493.0	639.0	35.0	24.0
191.0	0.0	298.0	493.0	639.0	35.0	24.0
191.0	0.0	298.0	493.0	639.0	35.0	24.0
191.0	0.0	298.0	493.0	639.0	35.0	24.0
191.0	0.0	298.0	493.0	639.0	35.0	24.0
191.0	0.0	298.0	493.0	639.0	35.0	24.0
191.0	0.0	298.0	493.0	639.0	35.0	24.0
191.0	0.0	298.0	493.0	639.0	35.0	24.0
196.0	0.0	298.0	572.0	639.0	35.0	24.0
196.0	0.0	298.0	572.0	639.0	35.0	24.0
196.0	0.0	298.0	572.0	639.0	35.0	24.0
196.0	0.0	298.0	572.0	639.0	35.0	24.0
196.0	0.0	298.0	572.0	639.0	35.0	24.0
196.0	0.0	298.0	572.0	639.0	35.0	24.0
196.0	0.0	298.0	572.0	639.0	35.0	24.0
196.0	0.0	298.0	572.0	639.0	35.0	24.0
196.0	0.0	298.0	572.0	639.0	35.0	24.0
196.0	0.0	298.0	572.0	639.0	35.0	24.0
196.0	0.0	298.0	572.0	639.0	35.0	24.0
196.0	0.0	298.0	572.0	639.0	35.0	24.0
196.0	0.0	298.0	572.0	639.0	35.0	24.0
196.0	0.0	298.0	572.0	639.0	35.0	24.0
196.0	0.0	298.0	572.0	639.0	35.0	24.0
194.0	0.0	297.0	662.0	639.0	35.0	24.0
194.0	0.0	297.0	662.0	639.0	35.0	24.0
194.0	0.0	297.0	662.0	639.0	35.0	24.0
194.0	0.0	297.0	662.0	639.0	35.0	24.0
194.0	0.0	297.0	662.0	639.0	35.0	24.0
194.0	0.0	297.0	662.0	639.0	35.0	24.0
194.0	0.0	297.0	662.0	639.0	35.0	24.0
194.0	0.0	297.0	662.0	639.0	35.0	24.0
194.0	0.0	297.0	662.0	639.0	35.0	24.0
194.0	0.0	297.0	662.0	639.0	35.0	24.0
194.0	0.0	297.0	662.0	639.0	35.0	24.0
194.0	0.0	297.0	662.0	639.0	35.0	24.0
194.0	0.0	297.0	662.0	639.0	35.0	24.0
194.0	0.0	297.0	662.0	639.0	35.0	24.0
194.0	0.0	297.0	662.0	639.0	35.0	24.0
190.0	0.0	298.0	408.0	639.0	35.0	24.0
190.0	0.0	298.0	408.0	639.0	35.0	24.0
190.0	0.0	298.0	408.0	639.0	35.0	24.0
190.0	0.0	298.0	408.0	639.0	35.0	24.0
190.0	0.0	298.0	408.0	639.0	35.0	24.0
190.0	0.0	298.0	408.0	639.0	35.0	24.0
190.0	0.0	298.0	408.0	639.0	35.0	24.0
190.0	0.0	298.0	408.0	639.0	35.0	24.0
190.0	0.0	298.0	408.0	639.0	35.0	24.0
190.0	0.0	298.0	408.0	639.0	35.0	24.0
190.0	0.0	298.0	408.0	639.0	35.0	24.0
190.0	0.0	298.0	408.0	639.0	35.0	24.0
190.0	0.0	298.0	408.0	639.0	35.0	24.0
190.0	0.0	298.0	408.0	639.0	35.0	24.0
190.0	0.0	298.0	408.0	639.0	35.0	24.0
194.0	0.0	298.0	427.0	639.0	35.0	24.0
194.0	0.0	298.0	427.0	639.0	35.0	24.0
194.0	0.0	298.0	427.0	639.0	35.0	24.0
194.0	0.0	298.0	427.0	639.0	35.0	24.0
194.0	0.0	298.0	427.0	639.0	35.0	24.0
194.0	0.0	298.0	427.0	639.0	35.0	24.0
194.0	0.0	298.0	427.0	639.0	35.0	24.0
194.0	0.0	298.0	427.0	639.0	35.0	24.0
194.0	0.0	298.0	427.0	639.0	35.0	24.0
194.0	0.0	298.0	427.0	639.0	35.0	24.0
194.0	0.0	298.0	427.0	639.0	35.0	24.0
194.0	0.0	298.0	427.0	639.0	35.0	24.0
194.0	0.0	298.0	427.0	639.0	35.0	24.0
194.0	0.0	298.0	427.0	639.0	35.0	24.0
194.0	0.0	298.0	427.0	639.0	35.0	24.0
196.0	0.0	297.0	458.0	639.0	35.0	24.0
196.0	0.0	297.0	458.0	639.0	35.0	24.0
196.0	0.0	297.0	458.0	639.0	35.0	24.0
196.0	0.0	297.0	458.0	639.0	35.0	24.0
196.0	0.0	297.0	458.0	639.0	35.0	24.0
196.0	0.0	297.0	458.0	639.0	35.0	24.0
196.0	0.0	297.0	458.0	639.0	35.0	24.0
196.0	0.0	297.0	458.0	639.0	35.0	24.0
196.0	0.0	297.0	458.0	639.0	35.0	24.0
196.0	0.0	297.0	458.0	639.0	35.0	24.0
196.0	0.0	297.0	458.0	639.0	35.0	24.0
196.0	0.0	297.0	458.0	639.0	35.0	24.0
196.0	0.0	297.0	458.0	639.0	35.0	24.0
196.0	0.0	297.0	458.0	639.0	35.0	24.0
190.0	0.0	298.0	608.0	639.0	35.0	24.0
190.0	0.0	298.0	608.0	639.0	35.0	24.0
190.0	0.0	298.0	608.0	639.0	35.0	24.0
190.0	0.0	298.0	608.0	639.0	35.0	24.0
190.0	0.0	298.0	608.0	639.0	35.0	24.0
190.0	0.0	298.0	608.0	639.0	35.0	24.0
190.0	0.0	298.0	608.0	639.0	35.0	24.0
190.0	0.0	298.0	608.0	639.0	35.0	24.0
190.0	0.0	298.0	608.0	639.0	35.0	24.0
190.0	0.0	298.0	608.0	639.0	35.0	24.0
190.0	0.0	298.0	608.0	639.0	35.0	24.0
190.0	0.0	298.0	608.0	639.0	35.0	24.0
190.0	0.0	298.0	608.0	639.0	35.0	24.0
190.0	0.0	298.0	608.0	639.0	35.0	24.0
190.0	0.0	298.0	608.0	639.0	35.0	24.0
190.0	0.0	298.0	685.0	639.0	35.0	24.0
190.0	0.0	298.0	685.0	639.0	35.0	24.0
190.0	0.0	298.0	685.0	639.0	35.0	24.0
190.0	0.0	298.0	685.0	639.0	35.0	24.0
190.0	0.0	298.0	685.0	639.0	35.0	24.0
190.0	0.0	298.0	685.0	639.0	35.0	24.0
190.0	0.0	298.0	685.0	639.0	35.0	24.0
190.0	0.0	298.0	685.0	639.0	35.0	24.0
190.0	0.0	298.0	685.0	639.0	35.0	24.0
190.0	0.0	298.0	685.0	639.0	35.0	24.0
190.0	0.0	298.0	685.0	639.0	35.0	24.0
190.0	0.0	298.0	685.0	639.0	35.0	24.0
190.0	0.0	298.0	685.0	639.0	35.0	24.0
190.0	0.0	298.0	685.0	639.0	35.0	24.0
190.0	0.0	298.0	685.0	639.0	35.0	24.0
196.0	0.0	298.0	705.0	639.0	34.0	24.0
196.0	0.0	298.0	705.0	639.0	34.0	24.0
196.0	0.0	298.0	705.0	639.0	34.0	24.0
196.0	0.0	298.0	705.0	639.0	34.0	24.0
196.0	0.0	298.0	705.0	639.0	34.0	24.0
196.0	0.0	298.0	705.0	639.0	34.0	24.0
196.0	0.0	298.0	705.0	639.0	34.0	24.0
196.0	0.0	298.0	705.0	639.0	34.0	24.0
196.0	0.0	298.0	705.0	639.0	34.0	24.0
196.0	0.0	298.0	705.0	639.0	34.0	24.0
196.0	0.0	298.0	705.0	639.0	34.0	24.0
196.0	0.0	298.0	705.0	639.0	34.0	24.0
196.0	0.0	298.0	705.0	639.0	34.0	24.0
196.0	0.0	298.0	705.0	639.0	34.0	24.0
196.0	0.0	298.0	705.0	639.0	34.0	24.0
194.0	0.0	298.0	720.0	639.0	34.0	24.0
194.0	0.0	298.0	720.0	639.0	34.0	24.0
194.0	0.0	298.0	720.0	639.0	34.0	24.0
194.0	0.0	298.0	720.0	639.0	34.0	24.0
194.0	0.0	298.0	720.0	639.0	34.0	24.0
194.0	0.0	298.0	720.0	639.0	34.0	24.0
194.0	0.0	298.0	720.0	639.0	34.0	24.0
194.0	0.0	298.0	720.0	639.0	34.0	24.0
194.0	0.0	298.0	720.0	639.0	34.0	24.0
194.0	0.0	298.0	720.0	639.0	34.0	24.0
194.0	0.0	298.0	720.0	639.0	34.0	24.0
194.0	0.0	298.0	720.0	639.0	34.0	24.0
194.0	0.0	298.0	720.0	639.0	34.0	24.0
190.0	0.0	298.0	260.0	41.0	34.0	24.0
190.0	0.0	298.0	260.0	41.0	34.0	24.0
190.0	0.0	298.0	260.0	41.0	34.0	24.0
190.0	0.0	298.0	260.0	41.0	34.0	24.0
190.0	0.0	298.0	260.0	41.0	34.0	24.0
190.0	0.0	298.0	260.0	41.0	34.0	24.0
190.0	0.0	298.0	260.0	41.0	34.0	24.0
190.0	0.0	298.0	260.0	41.0	34.0	24.0
190.0	0.0	298.0	260.0	41.0	34.0	24.0
190.0	0.0	298.0	260.0	41.0	34.0	24.0
190.0	0.0	298.0	260.0	41.0	34.0	24.0
190.0	0.0	298.0	260.0	41.0	34.0	24.0
190.0	0.0	298.0	260.0	41.0	34.0	24.0
195.0	0.0	298.0	0.0	639.0	34.0	24.0
195.0	0.0	298.0	0.0	639.0	34.0	24.0
195.0	0.0	298.0	0.0	639.0	34.0	24.0
195.0	0.0	298.0	0.0	639.0	34.0	24.0
195.0	0.0	298.0	0.0	639.0	34.0	24.0
195.0	0.0	298.0	0.0	639.0	34.0	24.0
195.0	0.0	298.0	0.0	639.0	34.0	24.0
195.0	0.0	298.0	0.0	639.0	34.0	24.0
195.0	0.0	298.0	0.0	639.0	34.0	24.0
195.0	0.0	298.0	0.0	639.0	34.0	24.0
195.0	0.0	298.0	0.0	639.0	34.0	24.0
195.0	0.0	298.0	0.0	639.0	34.0	24.0
195.0	0.0	298.0	0.0	639.0	34.0	24.0
195.0	0.0	298.0	0.0	639.0	34.0	24.0
195.0	0.0	298.0	0.0	639.0	34.0	24.0
195.0	0.0	298.0	0.0	639.0	34.0	24.0
196.0	0.0	298.0	388.0	639.0	34.0	24.0
196.0	0.0	298.0	388.0	639.0	34.0	24.0
196.0	0.0	298.0	388.0	639.0	34.0	24.0
196.0	0.0	298.0	388.0	639.0	34.0	24.0
196.0	0.0	298.0	388.0	639.0	34.0	24.0
196.0	0.0	298.0	388.0	639.0	34.0	24.0
196.0	0.0	298.0	388.0	639.0	34.0	24.0
196.0	0.0	298.0	388.0	639.0	34.0	24.0
196.0	0.0	298.0	388.0	639.0	34.0	24.0
196.0	0.0	298.0	388.0	639.0	34.0	24.0
196.0	0.0	298.0	388.0	639.0	34.0	24.0
196.0	0.0	298.0	388.0	639.0	34.0	24.0
196.0	0.0	298.0	388.0	639.0	34.0	24.0
196.0	0.0	298.0	388.0	639.0	34.0	24.0
195.0	0.0	298.0	431.0	639.0	34.0	24.0
195.0	0.0	298.0	431.0	639.0	34.0	24.0
195.0	0.0	298.0	431.0	639.0	34.0	24.0
195.0	0.0	298.0	431.0	639.0	34.0	24.0
195.0	0.0	298.0	431.0	639.0	34.0	24.0
195.0	0.0	298.0	431.0	639.0	34.0	24.0
195.0	0.0	298.0	431.0	639.0	34.0	24.0
195.0	0.0	298.0	431.0	639.0	34.0	24.0
195.0	0.0	298.0	431.0	639.0	34.0	24.0
195.0	0.0	298.0	431.0	639.0	34.0	24.0
195.0	0.0	298.0	431.0	639.0	34.0	24.0
195.0	0.0	298.0	431.0	639.0	34.0	24.0
195.0	0.0	298.0	431.0	639.0	34.0	24.0
195.0	0.0	298.0	431.0	639.0	34.0	24.0
195.0	0.0	298.0	431.0	639.0	34.0	24.0
196.0	0.0	298.0	412.0	639.0	34.0	24.0
196.0	0.0	298.0	412.0	639.0	34.0	24.0
196.0	0.0	298.0	412.0	639.0	34.0	24.0
196.0	0.0	298.0	412.0	639.0	34.0	24.0
196.0	0.0	298.0	412.0	639.0	34.0	24.0
196.0	0.0	298.0	412.0	639.0	34.0	24.0
196.0	0.0	298.0	412.0	639.0	34.0	24.0
196.0	0.0	298.0	412.0	639.0	34.0	24.0
196.0	0.0	298.0	412.0	639.0	34.0	24.0
196.0	0.0	298.0	412.0	639.0	34.0	24.0
196.0	0.0	298.0	412.0	639.0	34.0	24.0
196.0	0.0	298.0	412.0	639.0	34.0	24.0
196.0	0.0	298.0	412.0	639.0	34.0	24.0
196.0	0.0	298.0	412.0	639.0	34.0	24.0
196.0	0.0	298.0	412.0	639.0	34.0	24.0
190.0	0.0	298.0	440.0	639.0	34.0	24.0
190.0	0.0	298.0	440.0	639.0	34.0	24.0
190.0	0.0	298.0	440.0	639.0	34.0	24.0
190.0	0.0	298.0	440.0	639.0	34.0	24.0
190.0	0.0	298.0	440.0	639.0	34.0	24.0
190.0	0.0	298.0	440.0	639.0	34.0	24.0
190.0	0.0	298.0	440.0	639.0	34.0	24.0
190.0	0.0	298.0	440.0	639.0	34.0	24.0
190.0	0.0	298.0	440.0	639.0	34.0	24.0
190.0	0.0	298.0	440.0	639.0	34.0	24.0
190.0	0.0	298.0	440.0	639.0	34.0	24.0
190.0	0.0	298.0	440.0	639.0	34.0	24.0
190.0	0.0	298.0	440.0	639.0	34.0	24.0
190.0	0.0	298.0	440.0	639.0	34.0	24.0
190.0	0.0	298.0	440.0	639.0	34.0	24.0
190.0	0.0	298.0	477.0	639.0	34.0	24.0
190.0	0.0	298.0	477.0	639.0	34.0	24.0
190.0	0.0	298.0	477.0	639.0	34.0	24.0
190.0	0.0	298.0	477.0	639.0	34.0	24.0
190.0	0.0	298.0	477.0	639.0	34.0	24.0
190.0	0.0	298.0	477.0	639.0	34.0	24.0
190.0	0.0	298.0	477.0	639.0	34.0	24.0
190.0	0.0	298.0	477.0	639.0	34.0	24.0
190.0	0.0	298.0	477.0	639.0	34.0	24.0
190.0	0.0	298.0	477.0	639.0	34.0	24.0
190.0	0.0	298.0	477.0	639.0	34.0	24.0
190.0	0.0	298.0	477.0	639.0	34.0	24.0
190.0	0.0	298.0	477.0	639.0	34.0	24.0
190.0	0.0	298.0	477.0	639.0	34.0	24.0
190.0	0.0	298.0	477.0	639.0	34.0	24.0
197.0	0.0	298.0	627.0	639.0	34.0	24.0
197.0	0.0	298.0	627.0	639.0	34.0	24.0
197.0	0.0	298.0	627.0	639.0	34.0	24.0
197.0	0.0	298.0	627.0	639.0	34.0	24.0
197.0	0.0	298.0	627.0	639.0	34.0	24.0
197.0	0.0	298.0	627.0	639.0	34.0	24.0
197.0	0.0	298.0	627.0	639.0	34.0	24.0
197.0	0.0	298.0	627.0	639.0	34.0	24.0
197.0	0.0	298.0	627.0	639.0	34.0	24.0
197.0	0.0	298.0	627.0	639.0	34.0	24.0
197.0	0.0	298.0	627.0	639.0	34.0	24.0
197.0	0.0	298.0	627.0	639.0	34.0	24.0
197.0	0.0	298.0	627.0	639.0	34.0	24.0
197.0	0.0	298.0	627.0	639.0	34.0	24.0
197.0	0.0	298.0	627.0	639.0	34.0	24.0
193.0	0.0	298.0	536.0	639.0	34.0	24.0
193.0	0.0	298.0	536.0	639.0	34.0	24.0
193.0	0.0	298.0	536.0	639.0	34.0	24.0
193.0	0.0	298.0	536.0	639.0	34.0	24.0
193.0	0.0	298.0	536.0	639.0	34.0	24.0
193.0	0.0	298.0	536.0	639.0	34.0	24.0
193.0	0.0	298.0	536.0	639.0	34.0	24.0
193.0	0.0	298.0	536.0	639.0	34.0	24.0
193.0	0.0	298.0	536.0	639.0	34.0	24.0
193.0	0.0	298.0	536.0	639.0	34.0	24.0
193.0	0.0	298.0	536.0	639.0	34.0	24.0
193.0	0.0	298.0	536.0	639.0	34.0	24.0
193.0	0.0	298.0	536.0	639.0	34.0	24.0
193.0	0.0	298.0	536.0	639.0	34.0	24.0
188.0	0.0	298.0	518.0	639.0	34.0	24.0
188.0	0.0	298.0	518.0	639.0	34.0	24.0
188.0	0.0	298.0	518.0	639.0	34.0	24.0
188.0	0.0	298.0	518.0	639.0	34.0	24.0
188.0	0.0	298.0	518.0	639.0	34.0	24.0
188.0	0.0	298.0	518.0	639.0	34.0	24.0
188.0	0.0	298.0	518.0	639.0	34.0	24.0
188.0	0.0	298.0	518.0	639.0	34.0	24.0
188.0	0.0	298.0	518.0	639.0	34.0	24.0
188.0	0.0	298.0	518.0	639.0	34.0	24.0
188.0	0.0	298.0	518.0	639.0	34.0	24.0
188.0	0.0	298.0	518.0	639.0	34.0	24.0
188.0	0.0	298.0	518.0	639.0	34.0	24.0
188.0	0.0	298.0	518.0	639.0	34.0	24.0
188.0	0.0	298.0	518.0	639.0	34.0	24.0
193.0	0.0	298.0	385.0	639.0	34.0	24.0
193.0	0.0	298.0	385.0	639.0	34.0	24.0
193.0	0.0	298.0	385.0	639.0	34.0	24.0
193.0	0.0	298.0	385.0	639.0	34.0	24.0
193.0	0.0	298.0	385.0	639.0	34.0	24.0
193.0	0.0	298.0	385.0	639.0	34.0	24.0
193.0	0.0	298.0	385.0	639.0	34.0	24.0
193.0	0.0	298.0	385.0	639.0	34.0	24.0
193.0	0.0	298.0	385.0	639.0	34.0	24.0
193.0	0.0	298.0	385.0	639.0	34.0	24.0
193.0	0.0	298.0	385.0	639.0	34.0	24.0
193.0	0.0	298.0	385.0	639.0	34.0	24.0
193.0	0.0	298.0	385.0	639.0	34.0	24.0
193.0	0.0	298.0	385.0	639.0	34.0	24.0
193.0	0.0	298.0	385.0	639.0	34.0	24.0
196.0	0.0	298.0	438.0	639.0	34.0	24.0
196.0	0.0	298.0	438.0	639.0	34.0	24.0
196.0	0.0	298.0	438.0	639.0	34.0	24.0
196.0	0.0	298.0	438.0	639.0	34.0	24.0
196.0	0.0	298.0	438.0	639.0	34.0	24.0
196.0	0.0	298.0	438.0	639.0	34.0	24.0
196.0	0.0	298.0	438.0	639.0	34.0	24.0
196.0	0.0	298.0	438.0	639.0	34.0	24.0
196.0	0.0	298.0	438.0	639.0	34.0	24.0
196.0	0.0	298.0	438.0	639.0	34.0	24.0
196.0	0.0	298.0	438.0	639.0	34.0	24.0
196.0	0.0	298.0	438.0	639.0	34.0	24.0
196.0	0.0	298.0	438.0	639.0	34.0	24.0
196.0	0.0	298.0	438.0	639.0	34.0	24.0
196.0	0.0	298.0	438.0	639.0	34.0	24.0
190.0	0.0	298.0	452.0	639.0	34.0	24.0
190.0	0.0	298.0	452.0	639.0	34.0	24.0
190.0	0.0	298.0	452.0	639.0	34.0	24.0
190.0	0.0	298.0	452.0	639.0	34.0	24.0
190.0	0.0	298.0	452.0	639.0	34.0	24.0
190.0	0.0	298.0	452.0	639.0	34.0	24.0
190.0	0.0	298.0	452.0	639.0	34.0	24.0
190.0	0.0	298.0	452.0	639.0	34.0	24.0
190.0	0.0	298.0	452.0	639.0	34.0	24.0
190.0	0.0	298.0	452.0	639.0	34.0	24.0
190.0	0.0	298.0	452.0	639.0	34.0	24.0
190.0	0.0	298.0	452.0	639.0	34.0	24.0
190.0	0.0	298.0	452.0	639.0	34.0	24.0
190.0	0.0	298.0	452.0	639.0	34.0	24.0
190.0	0.0	298.0	452.0	639.0	34.0	24.0
189.0	0.0	298.0	478.0	639.0	34.0	24.0
189.0	0.0	298.0	478.0	639.0	34.0	24.0
189.0	0.0	298.0	478.0	639.0	34.0	24.0
189.0	0.0	298.0	478.0	639.0	34.0	24.0
189.0	0.0	298.0	478.0	639.0	34.0	24.0
189.0	0.0	298.0	478.0	639.0	34.0	24.0
189.0	0.0	298.0	478.0	639.0	34.0	24.0
189.0	0.0	298.0	478.0	639.0	34.0	24.0
189.0	0.0	298.0	478.0	639.0	34.0	24.0
189.0	0.0	298.0	478.0	639.0	34.0	24.0
189.0	0.0	298.0	478.0	639.0	34.0	24.0
189.0	0.0	298.0	478.0	639.0	34.0	24.0
189.0	0.0	298.0	478.0	639.0	34.0	24.0
189.0	0.0	298.0	478.0	639.0	34.0	24.0
189.0	0.0	298.0	478.0	639.0	34.0	24.0
195.0	0.0	298.0	489.0	639.0	34.0	24.0
195.0	0.0	298.0	489.0	639.0	34.0	24.0
195.0	0.0	298.0	489.0	639.0	34.0	24.0
195.0	0.0	298.0	489.0	639.0	34.0	24.0
195.0	0.0	298.0	489.0	639.0	34.0	24.0
195.0	0.0	298.0	489.0	639.0	34.0	24.0
195.0	0.0	298.0	489.0	639.0	34.0	24.0
195.0	0.0	298.0	489.0	639.0	34.0	24.0
195.0	0.0	298.0	489.0	639.0	34.0	24.0
195.0	0.0	298.0	489.0	639.0	34.0	24.0
195.0	0.0	298.0	489.0	639.0	34.0	24.0
195.0	0.0	298.0	489.0	639.0	34.0	24.0
195.0	0.0	298.0	489.0	639.0	34.0	24.0
195.0	0.0	298.0	489.0	639.0	34.0	24.0
195.0	0.0	298.0	492.0	639.0	34.0	24.0
195.0	0.0	298.0	492.0	639.0	34.0	24.0
195.0	0.0	298.0	492.0	639.0	34.0	24.0
195.0	0.0	298.0	492.0	639.0	34.0	24.0
195.0	0.0	298.0	492.0	639.0	34.0	24.0
195.0	0.0	298.0	492.0	639.0	34.0	24.0
195.0	0.0	298.0	492.0	639.0	34.0	24.0
195.0	0.0	298.0	492.0	639.0	34.0	24.0
195.0	0.0	298.0	492.0	639.0	34.0	24.0
195.0	0.0	298.0	492.0	639.0	34.0	24.0
195.0	0.0	298.0	492.0	639.0	34.0	24.0
195.0	0.0	298.0	492.0	639.0	34.0	24.0
195.0	0.0	298.0	492.0	639.0	34.0	24.0
195.0	0.0	298.0	492.0	639.0	34.0	24.0
195.0	0.0	298.0	492.0	639.0	34.0	24.0
189.0	0.0	298.0	465.0	639.0	34.0	24.0
189.0	0.0	298.0	465.0	639.0	34.0	24.0
189.0	0.0	298.0	465.0	639.0	34.0	24.0
189.0	0.0	298.0	465.0	639.0	34.0	24.0
189.0	0.0	298.0	465.0	639.0	34.0	24.0
189.0	0.0	298.0	465.0	639.0	34.0	24.0
189.0	0.0	298.0	465.0	639.0	34.0	24.0
189.0	0.0	298.0	465.0	639.0	34.0	24.0
189.0	0.0	298.0	465.0	639.0	34.0	24.0
189.0	0.0	298.0	465.0	639.0	34.0	24.0
189.0	0.0	298.0	465.0	639.0	34.0	24.0
189.0	0.0	298.0	465.0	639.0	34.0	24.0
189.0	0.0	298.0	465.0	639.0	34.0	24.0
189.0	0.0	298.0	465.0	639.0	34.0	24.0
189.0	0.0	298.0	465.0	639.0	34.0	24.0
191.0	0.0	298.0	403.0	639.0	34.0	24.0
191.0	0.0	298.0	403.0	639.0	34.0	24.0
191.0	0.0	298.0	403.0	639.0	34.0	24.0
191.0	0.0	298.0	403.0	639.0	34.0	24.0
191.0	0.0	298.0	403.0	639.0	34.0	24.0
191.0	0.0	298.0	403.0	639.0	34.0	24.0
191.0	0.0	298.0	403.0	639.0	34.0	24.0
191.0	0.0	298.0	403.0	639.0	34.0	24.0
191.0	0.0	298.0	403.0	639.0	34.0	24.0
191.0	0.0	298.0	403.0	639.0	34.0	24.0
191.0	0.0	298.0	403.0	639.0	34.0	24.0
191.0	0.0	298.0	403.0	639.0	34.0	24.0
191.0	0.0	298.0	403.0	639.0	34.0	24.0
191.0	0.0	298.0	403.0	639.0	34.0	24.0
191.0	0.0	298.0	403.0	639.0	34.0	24.0
197.0	0.0	298.0	421.0	639.0	34.0	24.0
197.0	0.0	298.0	421.0	639.0	34.0	24.0
197.0	0.0	298.0	421.0	639.0	34.0	24.0
197.0	0.0	298.0	421.0	639.0	34.0	24.0
197.0	0.0	298.0	421.0	639.0	34.0	24.0
197.0	0.0	298.0	421.0	639.0	34.0	24.0
197.0	0.0	298.0	421.0	639.0	34.0	24.0
197.0	0.0	298.0	421.0	639.0	34.0	24.0
197.0	0.0	298.0	421.0	639.0	34.0	24.0
197.0	0.0	298.0	421.0	639.0	34.0	24.0
197.0	0.0	298.0	421.0	639.0	34.0	24.0
197.0	0.0	298.0	421.0	639.0	34.0	24.0
197.0	0.0	298.0	421.0	639.0	34.0	24.0
197.0	0.0	298.0	421.0	639.0	34.0	24.0
197.0	0.0	298.0	421.0	639.0	34.0	24.0
191.0	0.0	298.0	469.0	639.0	34.0	24.0
191.0	0.0	298.0	469.0	639.0	34.0	24.0
191.0	0.0	298.0	469.0	639.0	34.0	24.0
191.0	0.0	298.0	469.0	639.0	34.0	24.0
191.0	0.0	298.0	469.0	639.0	34.0	24.0
191.0	0.0	298.0	469.0	639.0	34.0	24.0
191.0	0.0	298.0	469.0	639.0	34.0	24.0
191.0	0.0	298.0	469.0	639.0	34.0	24.0
191.0	0.0	298.0	469.0	639.0	34.0	24.0
191.0	0.0	298.0	469.0	639.0	34.0	24.0
191.0	0.0	298.0	469.0	639.0	34.0	24.0
191.0	0.0	298.0	469.0	639.0	34.0	24.0
191.0	0.0	298.0	469.0	639.0	34.0	24.0
191.0	0.0	298.0	469.0	639.0	34.0	24.0
191.0	0.0	298.0	469.0	639.0	34.0	24.0
188.0	0.0	298.0	489.0	639.0	34.0	24.0
188.0	0.0	298.0	489.0	639.0	34.0	24.0
188.0	0.0	298.0	489.0	639.0	34.0	24.0
188.0	0.0	298.0	489.0	639.0	34.0	24.0
188.0	0.0	298.0	489.0	639.0	34.0	24.0
188.0	0.0	298.0	489.0	639.0	34.0	24.0
188.0	0.0	298.0	489.0	639.0	34.0	24.0
188.0	0.0	298.0	489.0	639.0	34.0	24.0
188.0	0.0	298.0	489.0	639.0	34.0	24.0
188.0	0.0	298.0	489.0	639.0	34.0	24.0
188.0	0.0	298.0	489.0	639.0	34.0	24.0
188.0	0.0	298.0	489.0	639.0	34.0	24.0
188.0	0.0	298.0	489.0	639.0	34.0	24.0
188.0	0.0	298.0	489.0	639.0	34.0	24.0
188.0	0.0	298.0	489.0	639.0	34.0	24.0
193.0	0.0	298.0	478.0	639.0	34.0	24.0
193.0	0.0	298.0	478.0	639.0	34.0	24.0
193.0	0.0	298.0	478.0	639.0	34.0	24.0
193.0	0.0	298.0	478.0	639.0	34.0	24.0
193.0	0.0	298.0	478.0	639.0	34.0	24.0
193.0	0.0	298.0	478.0	639.0	34.0	24.0
193.0	0.0	298.0	478.0	639.0	34.0	24.0
193.0	0.0	298.0	478.0	639.0	34.0	24.0
193.0	0.0	298.0	478.0	639.0	34.0	24.0
193.0	0.0	298.0	478.0	639.0	34.0	24.0
193.0	0.0	298.0	478.0	639.0	34.0	24.0
193.0	0.0	298.0	478.0	639.0	34.0	24.0
193.0	0.0	298.0	478.0	639.0	34.0	24.0
193.0	0.0	298.0	478.0	639.0	34.0	24.0
193.0	0.0	298.0	478.0	639.0	34.0	24.0
195.0	0.0	298.0	478.0	639.0	34.0	24.0
195.0	0.0	298.0	478.0	639.0	34.0	24.0
195.0	0.0	298.0	478.0	639.0	34.0	24.0
195.0	0.0	298.0	478.0	639.0	34.0	24.0
195.0	0.0	298.0	478.0	639.0	34.0	24.0
195.0	0.0	298.0	478.0	639.0	34.0	24.0
195.0	0.0	298.0	478.0	639.0	34.0	24.0
195.0	0.0	298.0	478.0	639.0	34.0	24.0
195.0	0.0	298.0	478.0	639.0	34.0	24.0
195.0	0.0	298.0	478.0	639.0	34.0	24.0
195.0	0.0	298.0	478.0	639.0	34.0	24.0
195.0	0.0	298.0	478.0	639.0	34.0	24.0
195.0	0.0	298.0	478.0	639.0	34.0	24.0
195.0	0.0	298.0	478.0	639.0	34.0	24.0
190.0	0.0	298.0	477.0	639.0	34.0	24.0
190.0	0.0	298.0	477.0	639.0	34.0	24.0
190.0	0.0	298.0	477.0	639.0	34.0	24.0
190.0	0.0	298.0	477.0	639.0	34.0	24.0
190.0	0.0	298.0	477.0	639.0	34.0	24.0
190.0	0.0	298.0	477.0	639.0	34.0	24.0
190.0	0.0	298.0	477.0	639.0	34.0	24.0
190.0	0.0	298.0	477.0	639.0	34.0	24.0
190.0	0.0	298.0	477.0	639.0	34.0	24.0
190.0	0.0	298.0	477.0	639.0	34.0	24.0
190.0	0.0	298.0	477.0	639.0	34.0	24.0
190.0	0.0	298.0	477.0	639.0	34.0	24.0
190.0	0.0	298.0	477.0	639.0	34.0	24.0
190.0	0.0	298.0	477.0	639.0	34.0	24.0
190.0	0.0	298.0	477.0	639.0	34.0	24.0
189.0	0.0	298.0	487.0	639.0	34.0	24.0
189.0	0.0	298.0	487.0	639.0	34.0	24.0
189.0	0.0	298.0	487.0	639.0	34.0	24.0
189.0	0.0	298.0	487.0	639.0	34.0	24.0
189.0	0.0	298.0	487.0	639.0	34.0	24.0
189.0	0.0	298.0	487.0	639.0	34.0	24.0
189.0	0.0	298.0	487.0	639.0	34.0	24.0
189.0	0.0	298.0	487.0	639.0	34.0	24.0
189.0	0.0	298.0	487.0	639.0	34.0	24.0
189.0	0.0	298.0	487.0	639.0	34.0	24.0
189.0	0.0	298.0	487.0	639.0	34.0	24.0
189.0	0.0	298.0	487.0	639.0	34.0	24.0
189.0	0.0	298.0	487.0	639.0	34.0	24.0
189.0	0.0	298.0	487.0	639.0	34.0	24.0
189.0	0.0	298.0	487.0	639.0	34.0	24.0
195.0	0.0	298.0	488.0	639.0	34.0	24.0
195.0	0.0	298.0	488.0	639.0	34.0	24.0
195.0	0.0	298.0	488.0	639.0	34.0	24.0
195.0	0.0	298.0	488.0	639.0	34.0	24.0
195.0	0.0	298.0	488.0	639.0	34.0	24.0
195.0	0.0	298.0	488.0	639.0	34.0	24.0
195.0	0.0	298.0	488.0	639.0	34.0	24.0
195.0	0.0	298.0	488.0	639.0	34.0	24.0
195.0	0.0	298.0	488.0	639.0	34.0	24.0
195.0	0.0	298.0	488.0	639.0	34.0	24.0
195.0	0.0	298.0	488.0	639.0	34.0	24.0
195.0	0.0	298.0	488.0	639.0	34.0	24.0
195.0	0.0	298.0	488.0	639.0	34.0	24.0
195.0	0.0	298.0	488.0	639.0	34.0	24.0
195.0	0.0	298.0	488.0	639.0	34.0	24.0
194.0	0.0	297.0	472.0	639.0	34.0	24.0
194.0	0.0	297.0	472.0	639.0	34.0	24.0
194.0	0.0	297.0	472.0	639.0	34.0	24.0
194.0	0.0	297.0	472.0	639.0	34.0	24.0
194.0	0.0	297.0	472.0	639.0	34.0	24.0
194.0	0.0	297.0	472.0	639.0	34.0	24.0
194.0	0.0	297.0	472.0	639.0	34.0	24.0
194.0	0.0	297.0	472.0	639.0	34.0	24.0
194.0	0.0	297.0	472.0	639.0	34.0	24.0
194.0	0.0	297.0	472.0	639.0	34.0	24.0
194.0	0.0	297.0	472.0	639.0	34.0	24.0
194.0	0.0	297.0	472.0	639.0	34.0	24.0
194.0	0.0	297.0	472.0	639.0	34.0	24.0
194.0	0.0	297.0	472.0	639.0	34.0	24.0
194.0	0.0	297.0	472.0	639.0	34.0	24.0
188.0	0.0	298.0	458.0	639.0	34.0	24.0
188.0	0.0	298.0	458.0	639.0	34.0	24.0
188.0	0.0	298.0	458.0	639.0	34.0	24.0
188.0	0.0	298.0	458.0	639.0	34.0	24.0
188.0	0.0	298.0	458.0	639.0	34.0	24.0
188.0	0.0	298.0	458.0	639.0	34.0	24.0
188.0	0.0	298.0	458.0	639.0	34.0	24.0
188.0	0.0	298.0	458.0	639.0	34.0	24.0
188.0	0.0	298.0	458.0	639.0	34.0	24.0
188.0	0.0	298.0	458.0	639.0	34.0	24.0
188.0	0.0	298.0	458.0	639.0	34.0	24.0
188.0	0.0	298.0	458.0	639.0	34.0	24.0
188.0	0.0	298.0	458.0	639.0	34.0	24.0
188.0	0.0	298.0	458.0	639.0	34.0	24.0
191.0	0.0	298.0	489.0	639.0	34.0	24.0
191.0	0.0	298.0	489.0	639.0	34.0	24.0
191.0	0.0	298.0	489.0	639.0	34.0	24.0
191.0	0.0	298.0	489.0	639.0	34.0	24.0
191.0	0.0	298.0	489.0	639.0	34.0	24.0
191.0	0.0	298.0	489.0	639.0	34.0	24.0
191.0	0.0	298.0	489.0	639.0	34.0	24.0
191.0	0.0	298.0	489.0	639.0	34.0	24.0
191.0	0.0	298.0	489.0	639.0	34.0	24.0
191.0	0.0	298.0	489.0	639.0	34.0	24.0
191.0	0.0	298.0	489.0	639.0	34.0	24.0
191.0	0.0	298.0	489.0	639.0	34.0	24.0
191.0	0.0	298.0	489.0	639.0	34.0	24.0
191.0	0.0	298.0	489.0	639.0	34.0	24.0
191.0	0.0	298.0	489.0	639.0	34.0	24.0
196.0	0.0	298.0	475.0	639.0	34.0	24.0
196.0	0.0	298.0	475.0	639.0	34.0	24.0
196.0	0.0	298.0	475.0	639.0	34.0	24.0
196.0	0.0	298.0	475.0	639.0	34.0	24.0
196.0	0.0	298.0	475.0	639.0	34.0	24.0
196.0	0.0	298.0	475.0	639.0	34.0	24.0
196.0	0.0	298.0	475.0	639.0	34.0	24.0
196.0	0.0	298.0	475.0	639.0	34.0	24.0
196.0	0.0	298.0	475.0	639.0	34.0	24.0
196.0	0.0	298.0	475.0	639.0	34.0	24.0
196.0	0.0	298.0	475.0	639.0	34.0	24.0
196.0	0.0	298.0	475.0	639.0	34.0	24.0
196.0	0.0	298.0	475.0	639.0	34.0	24.0
196.0	0.0	298.0	475.0	639.0	34.0	24.0
196.0	0.0	298.0	475.0	639.0	34.0	24.0
191.0	0.0	298.0	478.0	639.0	34.0	24.0
191.0	0.0	298.0	478.0	639.0	34.0	24.0
191.0	0.0	298.0	478.0	639.0	34.0	24.0
191.0	0.0	298.0	478.0	639.0	34.0	24.0
191.0	0.0	298.0	478.0	639.0	34.0	24.0
191.0	0.0	298.0	478.0	639.0	34.0	24.0
191.0	0.0	298.0	478.0	639.0	34.0	24.0
191.0	0.0	298.0	478.0	639.0	34.0	24.0
191.0	0.0	298.0	478.0	639.0	34.0	24.0
191.0	0.0	298.0	478.0	639.0	34.0	24.0
191.0	0.0	298.0	478.0	639.0	34.0	24.0
191.0	0.0	298.0	478.0	639.0	34.0	24.0
191.0	0.0	298.0	478.0	639.0	34.0	24.0
191.0	0.0	298.0	478.0	639.0	34.0	24.0
191.0	0.0	298.0	478.0	639.0	34.0	24.0
188.0	0.0	298.0	489.0	639.0	34.0	24.0
188.0	0.0	298.0	489.0	639.0	34.0	24.0
188.0	0.0	298.0	489.0	639.0	34.0	24.0
188.0	0.0	298.0	489.0	639.0	34.0	24.0
188.0	0.0	298.0	489.0	639.0	34.0	24.0
188.0	0.0	298.0	489.0	639.0	34.0	24.0
188.0	0.0	298.0	489.0	639.0	34.0	24.0
188.0	0.0	298.0	489.0	639.0	34.0	24.0
188.0	0.0	298.0	489.0	639.0	34.0	24.0
188.0	0.0	298.0	489.0	639.0	34.0	24.0
188.0	0.0	298.0	489.0	639.0	34.0	24.0
188.0	0.0	298.0	489.0	639.0	34.0	24.0
188.0	0.0	298.0	489.0	639.0	34.0	24.0
188.0	0.0	298.0	489.0	639.0	34.0	24.0
194.0	0.0	298.0	486.0	639.0	34.0	24.0
194.0	0.0	298.0	486.0	639.0	34.0	24.0
194.0	0.0	298.0	486.0	639.0	34.0	24.0
194.0	0.0	298.0	486.0	639.0	34.0	24.0
194.0	0.0	298.0	486.0	639.0	34.0	24.0
194.0	0.0	298.0	486.0	639.0	34.0	24.0
194.0	0.0	298.0	486.0	639.0	34.0	24.0
194.0	0.0	298.0	486.0	639.0	34.0	24.0
194.0	0.0	298.0	486.0	639.0	34.0	24.0
194.0	0.0	298.0	486.0	639.0	34.0	24.0
194.0	0.0	298.0	486.0	639.0	34.0	24.0
194.0	0.0	298.0	486.0	639.0	34.0	24.0
194.0	0.0	298.0	486.0	639.0	34.0	24.0
194.0	0.0	298.0	486.0	639.0	34.0	24.0
194.0	0.0	298.0	486.0	639.0	34.0	24.0
194.0	0.0	298.0	486.0	639.0	34.0	24.0
195.0	0.0	298.0	476.0	639.0	34.0	24.0
195.0	0.0	298.0	476.0	639.0	34.0	24.0
195.0	0.0	298.0	476.0	639.0	34.0	24.0
195.0	0.0	298.0	476.0	639.0	34.0	24.0
195.0	0.0	298.0	476.0	639.0	34.0	24.0
195.0	0.0	298.0	476.0	639.0	34.0	24.0
195.0	0.0	298.0	476.0	639.0	34.0	24.0
195.0	0.0	298.0	476.0	639.0	34.0	24.0
195.0	0.0	298.0	476.0	639.0	34.0	24.0
195.0	0.0	298.0	476.0	639.0	34.0	24.0
195.0	0.0	298.0	476.0	639.0	34.0	24.0
195.0	0.0	298.0	476.0	639.0	34.0	24.0
195.0	0.0	298.0	476.0	639.0	34.0	24.0
195.0	0.0	298.0	476.0	639.0	34.0	24.0
189.0	0.0	298.0	481.0	639.0	34.0	24.0
189.0	0.0	298.0	481.0	639.0	34.0	24.0
189.0	0.0	298.0	481.0	639.0	34.0	24.0
189.0	0.0	298.0	481.0	639.0	34.0	24.0
189.0	0.0	298.0	481.0	639.0	34.0	24.0
189.0	0.0	298.0	481.0	639.0	34.0	24.0
189.0	0.0	298.0	481.0	639.0	34.0	24.0
189.0	0.0	298.0	481.0	639.0	34.0	24.0
189.0	0.0	298.0	481.0	639.0	34.0	24.0
189.0	0.0	298.0	481.0	639.0	34.0	24.0
189.0	0.0	298.0	481.0	639.0	34.0	24.0
189.0	0.0	298.0	481.0	639.0	34.0	24.0
189.0	0.0	298.0	481.0	639.0	34.0	24.0
189.0	0.0	298.0	481.0	639.0	34.0	24.0
189.0	0.0	298.0	481.0	639.0	34.0	24.0
190.0	0.0	298.0	486.0	639.0	34.0	24.0
190.0	0.0	298.0	486.0	639.0	34.0	24.0
190.0	0.0	298.0	486.0	639.0	34.0	24.0
190.0	0.0	298.0	486.0	639.0	34.0	24.0
190.0	0.0	298.0	486.0	639.0	34.0	24.0
190.0	0.0	298.0	486.0	639.0	34.0	24.0
190.0	0.0	298.0	486.0	639.0	34.0	24.0
190.0	0.0	298.0	486.0	639.0	34.0	24.0
190.0	0.0	298.0	486.0	639.0	34.0	24.0
190.0	0.0	298.0	486.0	639.0	34.0	24.0
190.0	0.0	298.0	486.0	639.0	34.0	24.0
190.0	0.0	298.0	486.0	639.0	34.0	24.0
190.0	0.0	298.0	486.0	639.0	34.0	24.0
190.0	0.0	298.0	486.0	639.0	34.0	24.0
190.0	0.0	298.0	486.0	639.0	34.0	24.0
195.0	0.0	298.0	481.0	639.0	34.0	24.0
195.0	0.0	298.0	481.0	639.0	34.0	24.0
195.0	0.0	298.0	481.0	639.0	34.0	24.0
195.0	0.0	298.0	481.0	639.0	34.0	24.0
195.0	0.0	298.0	481.0	639.0	34.0	24.0
195.0	0.0	298.0	481.0	639.0	34.0	24.0
195.0	0.0	298.0	481.0	639.0	34.0	24.0
195.0	0.0	298.0	481.0	639.0	34.0	24.0
195.0	0.0	298.0	481.0	639.0	34.0	24.0
195.0	0.0	298.0	481.0	639.0	34.0	24.0
195.0	0.0	298.0	481.0	639.0	34.0	24.0
195.0	0.0	298.0	481.0	639.0	34.0	24.0
195.0	0.0	298.0	481.0	639.0	34.0	24.0
195.0	0.0	298.0	481.0	639.0	34.0	24.0
195.0	0.0	298.0	481.0	639.0	34.0	24.0
193.0	0.0	298.0	475.0	639.0	34.0	24.0
193.0	0.0	298.0	475.0	639.0	34.0	24.0
193.0	0.0	298.0	475.0	639.0	34.0	24.0
193.0	0.0	298.0	475.0	639.0	34.0	24.0
193.0	0.0	298.0	475.0	639.0	34.0	24.0
193.0	0.0	298.0	475.0	639.0	34.0	24.0
193.0	0.0	298.0	475.0	639.0	34.0	24.0
193.0	0.0	298.0	475.0	639.0	34.0	24.0
193.0	0.0	298.0	475.0	639.0	34.0	24.0
193.0	0.0	298.0	475.0	639.0	34.0	24.0
193.0	0.0	298.0	475.0	639.0	34.0	24.0
193.0	0.0	298.0	475.0	639.0	34.0	24.0
193.0	0.0	298.0	475.0	639.0	34.0	24.0
193.0	0.0	298.0	475.0	639.0	34.0	24.0
193.0	0.0	298.0	475.0	639.0	34.0	24.0
188.0	0.0	298.0	485.0	639.0	34.0	24.0
188.0	0.0	298.0	485.0	639.0	34.0	24.0
188.0	0.0	298.0	485.0	639.0	34.0	24.0
188.0	0.0	298.0	485.0	639.0	34.0	24.0
188.0	0.0	298.0	485.0	639.0	34.0	24.0
188.0	0.0	298.0	485.0	639.0	34.0	24.0
188.0	0.0	298.0	485.0	639.0	34.0	24.0
188.0	0.0	298.0	485.0	639.0	34.0	24.0
188.0	0.0	298.0	485.0	639.0	34.0	24.0
188.0	0.0	298.0	485.0	639.0	34.0	24.0
188.0	0.0	298.0	485.0	639.0	34.0	24.0
188.0	0.0	298.0	485.0	639.0	34.0	24.0
188.0	0.0	298.0	485.0	639.0	34.0	24.0
188.0	0.0	298.0	485.0	639.0	34.0	24.0
191.0	0.0	298.0	490.0	639.0	34.0	24.0
191.0	0.0	298.0	490.0	639.0	34.0	24.0
191.0	0.0	298.0	490.0	639.0	34.0	24.0
191.0	0.0	298.0	490.0	639.0	34.0	24.0
191.0	0.0	298.0	490.0	639.0	34.0	24.0
191.0	0.0	298.0	490.0	639.0	34.0	24.0
191.0	0.0	298.0	490.0	639.0	34.0	24.0
191.0	0.0	298.0	490.0	639.0	34.0	24.0
191.0	0.0	298.0	490.0	639.0	34.0	24.0
191.0	0.0	298.0	490.0	639.0	34.0	24.0
191.0	0.0	298.0	490.0	639.0	34.0	24.0
191.0	0.0	298.0	490.0	639.0	34.0	24.0
191.0	0.0	298.0	490.0	639.0	34.0	24.0
191.0	0.0	298.0	490.0	639.0	34.0	24.0
191.0	0.0	298.0	490.0	639.0	34.0	24.0
196.0	0.0	298.0	503.0	639.0	34.0	24.0
196.0	0.0	298.0	503.0	639.0	34.0	24.0
196.0	0.0	298.0	503.0	639.0	34.0	24.0
196.0	0.0	298.0	503.0	639.0	34.0	24.0
196.0	0.0	298.0	503.0	639.0	34.0	24.0
196.0	0.0	298.0	503.0	639.0	34.0	24.0
196.0	0.0	298.0	503.0	639.0	34.0	24.0
196.0	0.0	298.0	503.0	639.0	34.0	24.0
196.0	0.0	298.0	503.0	639.0	34.0	24.0
196.0	0.0	298.0	503.0	639.0	34.0	24.0
196.0	0.0	298.0	503.0	639.0	34.0	24.0
196.0	0.0	298.0	503.0	639.0	34.0	24.0
196.0	0.0	298.0	503.0	639.0	34.0	24.0
196.0	0.0	298.0	503.0	639.0	34.0	24.0
196.0	0.0	298.0	503.0	639.0	34.0	24.0
190.0	0.0	298.0	494.0	639.0	34.0	24.0
190.0	0.0	298.0	494.0	639.0	34.0	24.0
190.0	0.0	298.0	494.0	639.0	34.0	24.0
190.0	0.0	298.0	494.0	639.0	34.0	24.0
190.0	0.0	298.0	494.0	639.0	34.0	24.0
190.0	0.0	298.0	494.0	639.0	34.0	24.0
190.0	0.0	298.0	494.0	639.0	34.0	24.0
190.0	0.0	298.0	494.0	639.0	34.0	24.0
190.0	0.0	298.0	494.0	639.0	34.0	24.0
190.0	0.0	298.0	494.0	639.0	34.0	24.0
190.0	0.0	298.0	494.0	639.0	34.0	24.0
190.0	0.0	298.0	494.0	639.0	34.0	24.0
190.0	0.0	298.0	494.0	639.0	34.0	24.0
190.0	0.0	298.0	494.0	639.0	34.0	24.0
190.0	0.0	298.0	494.0	639.0	34.0	24.0
188.0	0.0	298.0	486.0	639.0	34.0	24.0
188.0	0.0	298.0	486.0	639.0	34.0	24.0
188.0	0.0	298.0	486.0	639.0	34.0	24.0
188.0	0.0	298.0	486.0	639.0	34.0	24.0
188.0	0.0	298.0	486.0	639.0	34.0	24.0
188.0	0.0	298.0	486.0	639.0	34.0	24.0
188.0	0.0	298.0	486.0	639.0	34.0	24.0
188.0	0.0	298.0	486.0	639.0	34.0	24.0
188.0	0.0	298.0	486.0	639.0	34.0	24.0
188.0	0.0	298.0	486.0	639.0	34.0	24.0
188.0	0.0	298.0	486.0	639.0	34.0	24.0
188.0	0.0	298.0	486.0	639.0	34.0	24.0
188.0	0.0	298.0	486.0	639.0	34.0	24.0
188.0	0.0	298.0	486.0	639.0	34.0	24.0
188.0	0.0	298.0	486.0	639.0	34.0	24.0
194.0	0.0	298.0	483.0	639.0	34.0	24.0
194.0	0.0	298.0	483.0	639.0	34.0	24.0
194.0	0.0	298.0	483.0	639.0	34.0	24.0
194.0	0.0	298.0	483.0	639.0	34.0	24.0
194.0	0.0	298.0	483.0	639.0	34.0	24.0
194.0	0.0	298.0	483.0	639.0	34.0	24.0
194.0	0.0	298.0	483.0	639.0	34.0	24.0
194.0	0.0	298.0	483.0	639.0	34.0	24.0
194.0	0.0	298.0	483.0	639.0	34.0	24.0
194.0	0.0	298.0	483.0	639.0	34.0	24.0
194.0	0.0	298.0	483.0	639.0	34.0	24.0
194.0	0.0	298.0	483.0	639.0	34.0	24.0
194.0	0.0	298.0	483.0	639.0	34.0	24.0
194.0	0.0	298.0	483.0	639.0	34.0	24.0
194.0	0.0	298.0	483.0	639.0	34.0	24.0
195.0	0.0	298.0	481.0	639.0	34.0	24.0
195.0	0.0	298.0	481.0	639.0	34.0	24.0
195.0	0.0	298.0	481.0	639.0	34.0	24.0
195.0	0.0	298.0	481.0	639.0	34.0	24.0
195.0	0.0	298.0	481.0	639.0	34.0	24.0
195.0	0.0	298.0	481.0	639.0	34.0	24.0
195.0	0.0	298.0	481.0	639.0	34.0	24.0
195.0	0.0	298.0	481.0	639.0	34.0	24.0
195.0	0.0	298.0	481.0	639.0	34.0	24.0
195.0	0.0	298.0	481.0	639.0	34.0	24.0
195.0	0.0	298.0	481.0	639.0	34.0	24.0
195.0	0.0	298.0	481.0	639.0	34.0	24.0
195.0	0.0	298.0	481.0	639.0	34.0	24.0
195.0	0.0	298.0	481.0	639.0	34.0	24.0
189.0	0.0	298.0	480.0	639.0	34.0	24.0
189.0	0.0	298.0	480.0	639.0	34.0	24.0
189.0	0.0	298.0	480.0	639.0	34.0	24.0
189.0	0.0	298.0	480.0	639.0	34.0	24.0
189.0	0.0	298.0	480.0	639.0	34.0	24.0
189.0	0.0	298.0	480.0	639.0	34.0	24.0
189.0	0.0	298.0	480.0	639.0	34.0	24.0
189.0	0.0	298.0	480.0	639.0	34.0	24.0
189.0	0.0	298.0	480.0	639.0	34.0	24.0
189.0	0.0	298.0	480.0	639.0	34.0	24.0
189.0	0.0	298.0	480.0	639.0	34.0	24.0
189.0	0.0	298.0	480.0	639.0	34.0	24.0
189.0	0.0	298.0	480.0	639.0	34.0	24.0
189.0	0.0	298.0	480.0	639.0	34.0	24.0
189.0	0.0	298.0	480.0	639.0	34.0	24.0
189.0	0.0	298.0	480.0	639.0	34.0	24.0
189.0	0.0	298.0	475.0	639.0	34.0	24.0
189.0	0.0	298.0	475.0	639.0	34.0	24.0
189.0	0.0	298.0	475.0	639.0	34.0	24.0
189.0	0.0	298.0	475.0	639.0	34.0	24.0
189.0	0.0	298.0	475.0	639.0	34.0	24.0
189.0	0.0	298.0	475.0	639.0	34.0	24.0
189.0	0.0	298.0	475.0	639.0	34.0	24.0
189.0	0.0	298.0	475.0	639.0	34.0	24.0
189.0	0.0	298.0	475.0	639.0	34.0	24.0
189.0	0.0	298.0	475.0	639.0	34.0	24.0
189.0	0.0	298.0	475.0	639.0	34.0	24.0
189.0	0.0	298.0	475.0	639.0	34.0	24.0
189.0	0.0	298.0	475.0	639.0	34.0	24.0
189.0	0.0	298.0	475.0	639.0	34.0	24.0
194.0	0.0	298.0	477.0	639.0	34.0	24.0
194.0	0.0	298.0	477.0	639.0	34.0	24.0
194.0	0.0	298.0	477.0	639.0	34.0	24.0
194.0	0.0	298.0	477.0	639.0	34.0	24.0
194.0	0.0	298.0	477.0	639.0	34.0	24.0
194.0	0.0	298.0	477.0	639.0	34.0	24.0
194.0	0.0	298.0	477.0	639.0	34.0	24.0
194.0	0.0	298.0	477.0	639.0	34.0	24.0
194.0	0.0	298.0	477.0	639.0	34.0	24.0
194.0	0.0	298.0	477.0	639.0	34.0	24.0
194.0	0.0	298.0	477.0	639.0	34.0	24.0
194.0	0.0	298.0	477.0	639.0	34.0	24.0
194.0	0.0	298.0	477.0	639.0	34.0	24.0
194.0	0.0	298.0	477.0	639.0	34.0	24.0
194.0	0.0	298.0	477.0	639.0	34.0	24.0
194.0	0.0	298.0	502.0	639.0	34.0	24.0
194.0	0.0	298.0	502.0	639.0	34.0	24.0
194.0	0.0	298.0	502.0	639.0	34.0	24.0
194.0	0.0	298.0	502.0	639.0	34.0	24.0
194.0	0.0	298.0	502.0	639.0	34.0	24.0
194.0	0.0	298.0	502.0	639.0	34.0	24.0
194.0	0.0	298.0	502.0	639.0	34.0	24.0
194.0	0.0	298.0	502.0	639.0	34.0	24.0
194.0	0.0	298.0	502.0	639.0	34.0	24.0
194.0	0.0	298.0	502.0	639.0	34.0	24.0
194.0	0.0	298.0	502.0	639.0	34.0	24.0
194.0	0.0	298.0	502.0	639.0	34.0	24.0
194.0	0.0	298.0	502.0	639.0	34.0	24.0
194.0	0.0	298.0	502.0	639.0	34.0	24.0
194.0	0.0	298.0	502.0	639.0	34.0	24.0
188.0	0.0	298.0	481.0	639.0	34.0	24.0
188.0	0.0	298.0	481.0	639.0	34.0	24.0
188.0	0.0	298.0	481.0	639.0	34.0	24.0
188.0	0.0	298.0	481.0	639.0	34.0	24.0
188.0	0.0	298.0	481.0	639.0	34.0	24.0
188.0	0.0	298.0	481.0	639.0	34.0	24.0
188.0	0.0	298.0	481.0	639.0	34.0	24.0
188.0	0.0	298.0	481.0	639.0	34.0	24.0
188.0	0.0	298.0	481.0	639.0	34.0	24.0
188.0	0.0	298.0	481.0	639.0	34.0	24.0
188.0	0.0	298.0	481.0	639.0	34.0	24.0
188.0	0.0	298.0	481.0	639.0	34.0	24.0
188.0	0.0	298.0	481.0	639.0	34.0	24.0
188.0	0.0	298.0	481.0	639.0	34.0	24.0
188.0	0.0	298.0	481.0	639.0	34.0	24.0
190.0	0.0	298.0	485.0	639.0	34.0	24.0
190.0	0.0	298.0	485.0	639.0	34.0	24.0
190.0	0.0	298.0	485.0	639.0	34.0	24.0
190.0	0.0	298.0	485.0	639.0	34.0	24.0
190.0	0.0	298.0	485.0	639.0	34.0	24.0
190.0	0.0	298.0	485.0	639.0	34.0	24.0
190.0	0.0	298.0	485.0	639.0	34.0	24.0
190.0	0.0	298.0	485.0	639.0	34.0	24.0
190.0	0.0	298.0	485.0	639.0	34.0	24.0
190.0	0.0	298.0	485.0	639.0	34.0	24.0
190.0	0.0	298.0	485.0	639.0	34.0	24.0
190.0	0.0	298.0	485.0	639.0	34.0	24.0
190.0	0.0	298.0	485.0	639.0	34.0	24.0
190.0	0.0	298.0	485.0	639.0	34.0	24.0
196.0	0.0	298.0	493.0	639.0	34.0	24.0
196.0	0.0	298.0	493.0	639.0	34.0	24.0
196.0	0.0	298.0	493.0	639.0	34.0	24.0
196.0	0.0	298.0	493.0	639.0	34.0	24.0
196.0	0.0	298.0	493.0	639.0	34.0	24.0
196.0	0.0	298.0	493.0	639.0	34.0	24.0
196.0	0.0	298.0	493.0	639.0	34.0	24.0
196.0	0.0	298.0	493.0	639.0	34.0	24.0
196.0	0.0	298.0	493.0	639.0	34.0	24.0
196.0	0.0	298.0	493.0	639.0	34.0	24.0
196.0	0.0	298.0	493.0	639.0	34.0	24.0
196.0	0.0	298.0	493.0	639.0	34.0	24.0
196.0	0.0	298.0	493.0	639.0	34.0	24.0
196.0	0.0	298.0	493.0	639.0	34.0	24.0
196.0	0.0	298.0	493.0	639.0	34.0	24.0
192.0	0.0	298.0	470.0	639.0	34.0	24.0
192.0	0.0	298.0	470.0	639.0	34.0	24.0
192.0	0.0	298.0	470.0	639.0	34.0	24.0
192.0	0.0	298.0	470.0	639.0	34.0	24.0
192.0	0.0	298.0	470.0	639.0	34.0	24.0
192.0	0.0	298.0	470.0	639.0	34.0	24.0
192.0	0.0	298.0	470.0	639.0	34.0	24.0
192.0	0.0	298.0	470.0	639.0	34.0	24.0
192.0	0.0	298.0	470.0	639.0	34.0	24.0
192.0	0.0	298.0	470.0	639.0	34.0	24.0
192.0	0.0	298.0	470.0	639.0	34.0	24.0
192.0	0.0	298.0	470.0	639.0	34.0	24.0
192.0	0.0	298.0	470.0	639.0	34.0	24.0
192.0	0.0	298.0	470.0	639.0	34.0	24.0
192.0	0.0	298.0	470.0	639.0	34.0	24.0
188.0	0.0	298.0	480.0	639.0	34.0	24.0
188.0	0.0	298.0	480.0	639.0	34.0	24.0
188.0	0.0	298.0	480.0	639.0	34.0	24.0
188.0	0.0	298.0	480.0	639.0	34.0	24.0
188.0	0.0	298.0	480.0	639.0	34.0	24.0
188.0	0.0	298.0	480.0	639.0	34.0	24.0
188.0	0.0	298.0	480.0	639.0	34.0	24.0
188.0	0.0	298.0	480.0	639.0	34.0	24.0
188.0	0.0	298.0	480.0	639.0	34.0	24.0
188.0	0.0	298.0	480.0	639.0	34.0	24.0
188.0	0.0	298.0	480.0	639.0	34.0	24.0
188.0	0.0	298.0	480.0	639.0	34.0	24.0
188.0	0.0	298.0	480.0	639.0	34.0	24.0
188.0	0.0	298.0	480.0	639.0	34.0	24.0
188.0	0.0	298.0	480.0	639.0	34.0	24.0
192.0	0.0	298.0	484.0	639.0	34.0	24.0
192.0	0.0	298.0	484.0	639.0	34.0	24.0
192.0	0.0	298.0	484.0	639.0	34.0	24.0
192.0	0.0	298.0	484.0	639.0	34.0	24.0
192.0	0.0	298.0	484.0	639.0	34.0	24.0
192.0	0.0	298.0	484.0	639.0	34.0	24.0
192.0	0.0	298.0	484.0	639.0	34.0	24.0
192.0	0.0	298.0	484.0	639.0	34.0	24.0
192.0	0.0	298.0	484.0	639.0	34.0	24.0
192.0	0.0	298.0	484.0	639.0	34.0	24.0
192.0	0.0	298.0	484.0	639.0	34.0	24.0
192.0	0.0	298.0	484.0	639.0	34.0	24.0
192.0	0.0	298.0	484.0	639.0	34.0	24.0
192.0	0.0	298.0	484.0	639.0	34.0	24.0
192.0	0.0	298.0	484.0	639.0	34.0	24.0
195.0	0.0	298.0	473.0	639.0	34.0	24.0
195.0	0.0	298.0	473.0	639.0	34.0	24.0
195.0	0.0	298.0	473.0	639.0	34.0	24.0
195.0	0.0	298.0	473.0	639.0	34.0	24.0
195.0	0.0	298.0	473.0	639.0	34.0	24.0
195.0	0.0	298.0	473.0	639.0	34.0	24.0
195.0	0.0	298.0	473.0	639.0	34.0	24.0
195.0	0.0	298.0	473.0	639.0	34.0	24.0
195.0	0.0	298.0	473.0	639.0	34.0	24.0
195.0	0.0	298.0	473.0	639.0	34.0	24.0
195.0	0.0	298.0	473.0	639.0	34.0	24.0
195.0	0.0	298.0	473.0	639.0	34.0	24.0
195.0	0.0	298.0	473.0	639.0	34.0	24.0
195.0	0.0	298.0	473.0	639.0	34.0	24.0
195.0	0.0	298.0	473.0	639.0	34.0	24.0
191.0	0.0	297.0	479.0	639.0	34.0	24.0
191.0	0.0	297.0	479.0	639.0	34.0	24.0
191.0	0.0	297.0	479.0	639.0	34.0	24.0
191.0	0.0	297.0	479.0	639.0	34.0	24.0
191.0	0.0	297.0	479.0	639.0	34.0	24.0
191.0	0.0	297.0	479.0	639.0	34.0	24.0
191.0	0.0	297.0	479.0	639.0	34.0	24.0
191.0	0.0	297.0	479.0	639.0	34.0	24.0
191.0	0.0	297.0	479.0	639.0	34.0	24.0
191.0	0.0	297.0	479.0	639.0	34.0	24.0
191.0	0.0	297.0	479.0	639.0	34.0	24.0
191.0	0.0	297.0	479.0	639.0	34.0	24.0
191.0	0.0	297.0	479.0	639.0	34.0	24.0
191.0	0.0	297.0	479.0	639.0	34.0	24.0
191.0	0.0	297.0	479.0	639.0	34.0	24.0
188.0	0.0	297.0	496.0	639.0	34.0	24.0
188.0	0.0	297.0	496.0	639.0	34.0	24.0
188.0	0.0	297.0	496.0	639.0	34.0	24.0
188.0	0.0	297.0	496.0	639.0	34.0	24.0
188.0	0.0	297.0	496.0	639.0	34.0	24.0
188.0	0.0	297.0	496.0	639.0	34.0	24.0
188.0	0.0	297.0	496.0	639.0	34.0	24.0
188.0	0.0	297.0	496.0	639.0	34.0	24.0
188.0	0.0	297.0	496.0	639.0	34.0	24.0
188.0	0.0	297.0	496.0	639.0	34.0	24.0
188.0	0.0	297.0	496.0	639.0	34.0	24.0
188.0	0.0	297.0	496.0	639.0	34.0	24.0
188.0	0.0	297.0	496.0	639.0	34.0	24.0
188.0	0.0	297.0	496.0	639.0	34.0	24.0
193.0	0.0	298.0	499.0	639.0	34.0	24.0
193.0	0.0	298.0	499.0	639.0	34.0	24.0
193.0	0.0	298.0	499.0	639.0	34.0	24.0
193.0	0.0	298.0	499.0	639.0	34.0	24.0
193.0	0.0	298.0	499.0	639.0	34.0	24.0
193.0	0.0	298.0	499.0	639.0	34.0	24.0
193.0	0.0	298.0	499.0	639.0	34.0	24.0
193.0	0.0	298.0	499.0	639.0	34.0	24.0
193.0	0.0	298.0	499.0	639.0	34.0	24.0
193.0	0.0	298.0	499.0	639.0	34.0	24.0
193.0	0.0	298.0	499.0	639.0	34.0	24.0
193.0	0.0	298.0	499.0	639.0	34.0	24.0
193.0	0.0	298.0	499.0	639.0	34.0	24.0
193.0	0.0	298.0	499.0	639.0	34.0	24.0
193.0	0.0	298.0	499.0	639.0	34.0	24.0
195.0	0.0	298.0	467.0	639.0	34.0	24.0
195.0	0.0	298.0	467.0	639.0	34.0	24.0
195.0	0.0	298.0	467.0	639.0	34.0	24.0
195.0	0.0	298.0	467.0	639.0	34.0	24.0
195.0	0.0	298.0	467.0	639.0	34.0	24.0
195.0	0.0	298.0	467.0	639.0	34.0	24.0
195.0	0.0	298.0	467.0	639.0	34.0	24.0
195.0	0.0	298.0	467.0	639.0	34.0	24.0
195.0	0.0	298.0	467.0	639.0	34.0	24.0
195.0	0.0	298.0	467.0	639.0	34.0	24.0
195.0	0.0	298.0	467.0	639.0	34.0	24.0
195.0	0.0	298.0	467.0	639.0	34.0	24.0
195.0	0.0	298.0	467.0	639.0	34.0	24.0
195.0	0.0	298.0	467.0	639.0	34.0	24.0
195.0	0.0	298.0	467.0	639.0	34.0	24.0
189.0	0.0	298.0	484.0	639.0	34.0	24.0
189.0	0.0	298.0	484.0	639.0	34.0	24.0
189.0	0.0	298.0	484.0	639.0	34.0	24.0
189.0	0.0	298.0	484.0	639.0	34.0	24.0
189.0	0.0	298.0	484.0	639.0	34.0	24.0
189.0	0.0	298.0	484.0	639.0	34.0	24.0
189.0	0.0	298.0	484.0	639.0	34.0	24.0
189.0	0.0	298.0	484.0	639.0	34.0	24.0
189.0	0.0	298.0	484.0	639.0	34.0	24.0
189.0	0.0	298.0	484.0	639.0	34.0	24.0
189.0	0.0	298.0	484.0	639.0	34.0	24.0
189.0	0.0	298.0	484.0	639.0	34.0	24.0
189.0	0.0	298.0	484.0	639.0	34.0	24.0
189.0	0.0	298.0	484.0	639.0	34.0	24.0
189.0	0.0	298.0	484.0	639.0	34.0	24.0
189.0	0.0	298.0	496.0	639.0	34.0	24.0
189.0	0.0	298.0	496.0	639.0	34.0	24.0
189.0	0.0	298.0	496.0	639.0	34.0	24.0
189.0	0.0	298.0	496.0	639.0	34.0	24.0
189.0	0.0	298.0	496.0	639.0	34.0	24.0
189.0	0.0	298.0	496.0	639.0	34.0	24.0
189.0	0.0	298.0	496.0	639.0	34.0	24.0
189.0	0.0	298.0	496.0	639.0	34.0	24.0
189.0	0.0	298.0	496.0	639.0	34.0	24.0
189.0	0.0	298.0	496.0	639.0	34.0	24.0
189.0	0.0	298.0	496.0	639.0	34.0	24.0
189.0	0.0	298.0	496.0	639.0	34.0	24.0
189.0	0.0	298.0	496.0	639.0	34.0	24.0
189.0	0.0	298.0	496.0	639.0	34.0	24.0
189.0	0.0	298.0	496.0	639.0	34.0	24.0
196.0	0.0	298.0	476.0	639.0	34.0	24.0
196.0	0.0	298.0	476.0	639.0	34.0	24.0
196.0	0.0	298.0	476.0	639.0	34.0	24.0
196.0	0.0	298.0	476.0	639.0	34.0	24.0
196.0	0.0	298.0	476.0	639.0	34.0	24.0
196.0	0.0	298.0	476.0	639.0	34.0	24.0
196.0	0.0	298.0	476.0	639.0	34.0	24.0
196.0	0.0	298.0	476.0	639.0	34.0	24.0
196.0	0.0	298.0	476.0	639.0	34.0	24.0
196.0	0.0	298.0	476.0	639.0	34.0	24.0
196.0	0.0	298.0	476.0	639.0	34.0	24.0
196.0	0.0	298.0	476.0	639.0	34.0	24.0
196.0	0.0	298.0	476.0	639.0	34.0	24.0
196.0	0.0	298.0	476.0	639.0	34.0	24.0
196.0	0.0	298.0	476.0	639.0	34.0	24.0
192.0	0.0	298.0	476.0	639.0	34.0	24.0
192.0	0.0	298.0	476.0	639.0	34.0	24.0
192.0	0.0	298.0	476.0	639.0	34.0	24.0
192.0	0.0	298.0	476.0	639.0	34.0	24.0
192.0	0.0	298.0	476.0	639.0	34.0	24.0
192.0	0.0	298.0	476.0	639.0	34.0	24.0
192.0	0.0	298.0	476.0	639.0	34.0	24.0
192.0	0.0	298.0	476.0	639.0	34.0	24.0
192.0	0.0	298.0	476.0	639.0	34.0	24.0
192.0	0.0	298.0	476.0	639.0	34.0	24.0
192.0	0.0	298.0	476.0	639.0	34.0	24.0
192.0	0.0	298.0	476.0	639.0	34.0	24.0
192.0	0.0	298.0	476.0	639.0	34.0	24.0
192.0	0.0	298.0	476.0	639.0	34.0	24.0
188.0	0.0	298.0	492.0	639.0	34.0	24.0
188.0	0.0	298.0	492.0	639.0	34.0	24.0
188.0	0.0	298.0	492.0	639.0	34.0	24.0
188.0	0.0	298.0	492.0	639.0	34.0	24.0
188.0	0.0	298.0	492.0	639.0	34.0	24.0
188.0	0.0	298.0	492.0	639.0	34.0	24.0
188.0	0.0	298.0	492.0	639.0	34.0	24.0
188.0	0.0	298.0	492.0	639.0	34.0	24.0
188.0	0.0	298.0	492.0	639.0	34.0	24.0
188.0	0.0	298.0	492.0	639.0	34.0	24.0
188.0	0.0	298.0	492.0	639.0	34.0	24.0
188.0	0.0	298.0	492.0	639.0	34.0	24.0
188.0	0.0	298.0	492.0	639.0	34.0	24.0
188.0	0.0	298.0	492.0	639.0	34.0	24.0
188.0	0.0	298.0	492.0	639.0	34.0	24.0
191.0	0.0	298.0	484.0	639.0	34.0	24.0
191.0	0.0	298.0	484.0	639.0	34.0	24.0
191.0	0.0	298.0	484.0	639.0	34.0	24.0
191.0	0.0	298.0	484.0	639.0	34.0	24.0
191.0	0.0	298.0	484.0	639.0	34.0	24.0
191.0	0.0	298.0	484.0	639.0	34.0	24.0
191.0	0.0	298.0	484.0	639.0	34.0	24.0
191.0	0.0	298.0	484.0	639.0	34.0	24.0
191.0	0.0	298.0	484.0	639.0	34.0	24.0
191.0	0.0	298.0	484.0	639.0	34.0	24.0
191.0	0.0	298.0	484.0	639.0	34.0	24.0
191.0	0.0	298.0	484.0	639.0	34.0	24.0
191.0	0.0	298.0	484.0	639.0	34.0	24.0
191.0	0.0	298.0	484.0	639.0	34.0	24.0
191.0	0.0	298.0	484.0	639.0	34.0	24.0
195.0	0.0	297.0	471.0	639.0	34.0	24.0
195.0	0.0	297.0	471.0	639.0	34.0	24.0
195.0	0.0	297.0	471.0	639.0	34.0	24.0
195.0	0.0	297.0	471.0	639.0	34.0	24.0
195.0	0.0	297.0	471.0	639.0	34.0	24.0
195.0	0.0	297.0	471.0	639.0	34.0	24.0
195.0	0.0	297.0	471.0	639.0	34.0	24.0
195.0	0.0	297.0	471.0	639.0	34.0	24.0
195.0	0.0	297.0	471.0	639.0	34.0	24.0
195.0	0.0	297.0	471.0	639.0	34.0	24.0
195.0	0.0	297.0	471.0	639.0	34.0	24.0
195.0	0.0	297.0	471.0	639.0	34.0	24.0
195.0	0.0	297.0	471.0	639.0	34.0	24.0
195.0	0.0	297.0	471.0	639.0	34.0	24.0
195.0	0.0	297.0	471.0	639.0	34.0	24.0
190.0	0.0	298.0	479.0	639.0	34.0	24.0
190.0	0.0	298.0	479.0	639.0	34.0	24.0
190.0	0.0	298.0	479.0	639.0	34.0	24.0
190.0	0.0	298.0	479.0	639.0	34.0	24.0
190.0	0.0	298.0	479.0	639.0	34.0	24.0
190.0	0.0	298.0	479.0	639.0	34.0	24.0
190.0	0.0	298.0	479.0	639.0	34.0	24.0
190.0	0.0	298.0	479.0	639.0	34.0	24.0
190.0	0.0	298.0	479.0	639.0	34.0	24.0
190.0	0.0	298.0	479.0	639.0	34.0	24.0
190.0	0.0	298.0	479.0	639.0	34.0	24.0
190.0	0.0	298.0	479.0	639.0	34.0	24.0
190.0	0.0	298.0	479.0	639.0	34.0	24.0
190.0	0.0	298.0	479.0	639.0	34.0	24.0
190.0	0.0	298.0	479.0	639.0	34.0	24.0
188.0	0.0	298.0	528.0	639.0	34.0	24.0
188.0	0.0	298.0	528.0	639.0	34.0	24.0
188.0	0.0	298.0	528.0	639.0	34.0	24.0
188.0	0.0	298.0	528.0	639.0	34.0	24.0
188.0	0.0	298.0	528.0	639.0	34.0	24.0
188.0	0.0	298.0	528.0	639.0	34.0	24.0
188.0	0.0	298.0	528.0	639.0	34.0	24.0
188.0	0.0	298.0	528.0	639.0	34.0	24.0
188.0	0.0	298.0	528.0	639.0	34.0	24.0
188.0	0.0	298.0	528.0	639.0	34.0	24.0
188.0	0.0	298.0	528.0	639.0	34.0	24.0
188.0	0.0	298.0	528.0	639.0	34.0	24.0
188.0	0.0	298.0	528.0	639.0	34.0	24.0
188.0	0.0	298.0	528.0	639.0	34.0	24.0
188.0	0.0	298.0	528.0	639.0	34.0	24.0
193.0	0.0	298.0	644.0	639.0	34.0	24.0
193.0	0.0	298.0	644.0	639.0	34.0	24.0
193.0	0.0	298.0	644.0	639.0	34.0	24.0
193.0	0.0	298.0	644.0	639.0	34.0	24.0
193.0	0.0	298.0	644.0	639.0	34.0	24.0
193.0	0.0	298.0	644.0	639.0	34.0	24.0
193.0	0.0	298.0	644.0	639.0	34.0	24.0
193.0	0.0	298.0	644.0	639.0	34.0	24.0
193.0	0.0	298.0	644.0	639.0	34.0	24.0
193.0	0.0	298.0	644.0	639.0	34.0	24.0
193.0	0.0	298.0	644.0	639.0	34.0	24.0
193.0	0.0	298.0	644.0	639.0	34.0	24.0
196.0	0.0	298.0	517.0	39.0	34.0	24.0
196.0	0.0	298.0	517.0	39.0	34.0	24.0
196.0	0.0	298.0	517.0	39.0	34.0	24.0
196.0	0.0	298.0	517.0	39.0	34.0	24.0
196.0	0.0	298.0	517.0	39.0	34.0	24.0
196.0	0.0	298.0	517.0	39.0	34.0	24.0
196.0	0.0	298.0	517.0	39.0	34.0	24.0
196.0	0.0	298.0	517.0	39.0	34.0	24.0
196.0	0.0	298.0	517.0	39.0	34.0	24.0
196.0	0.0	298.0	517.0	39.0	34.0	24.0
196.0	0.0	298.0	517.0	39.0	34.0	24.0
196.0	0.0	298.0	517.0	39.0	34.0	24.0
196.0	0.0	298.0	517.0	39.0	34.0	24.0
196.0	0.0	298.0	517.0	39.0	34.0	24.0
194.0	0.0	298.0	477.0	639.0	34.0	24.0
194.0	0.0	298.0	477.0	639.0	34.0	24.0
194.0	0.0	298.0	477.0	639.0	34.0	24.0
194.0	0.0	298.0	477.0	639.0	34.0	24.0
194.0	0.0	298.0	477.0	639.0	34.0	24.0
194.0	0.0	298.0	477.0	639.0	34.0	24.0
194.0	0.0	298.0	477.0	639.0	34.0	24.0
194.0	0.0	298.0	477.0	639.0	34.0	24.0
194.0	0.0	298.0	477.0	639.0	34.0	24.0
194.0	0.0	298.0	477.0	639.0	34.0	24.0
194.0	0.0	298.0	477.0	639.0	34.0	24.0
194.0	0.0	298.0	477.0	639.0	34.0	24.0
194.0	0.0	298.0	477.0	639.0	34.0	24.0
194.0	0.0	298.0	477.0	639.0	34.0	24.0
194.0	0.0	298.0	477.0	639.0	34.0	24.0
188.0	0.0	298.0	481.0	639.0	34.0	24.0
188.0	0.0	298.0	481.0	639.0	34.0	24.0
188.0	0.0	298.0	481.0	639.0	34.0	24.0
188.0	0.0	298.0	481.0	639.0	34.0	24.0
188.0	0.0	298.0	481.0	639.0	34.0	24.0
188.0	0.0	298.0	481.0	639.0	34.0	24.0
188.0	0.0	298.0	481.0	639.0	34.0	24.0
188.0	0.0	298.0	481.0	639.0	34.0	24.0
188.0	0.0	298.0	481.0	639.0	34.0	24.0
188.0	0.0	298.0	481.0	639.0	34.0	24.0
188.0	0.0	298.0	481.0	639.0	34.0	24.0
188.0	0.0	298.0	481.0	639.0	34.0	24.0
188.0	0.0	298.0	481.0	639.0	34.0	24.0
188.0	0.0	298.0	481.0	639.0	34.0	24.0
188.0	0.0	298.0	481.0	639.0	34.0	24.0
189.0	0.0	298.0	495.0	639.0	34.0	24.0
189.0	0.0	298.0	495.0	639.0	34.0	24.0
189.0	0.0	298.0	495.0	639.0	34.0	24.0
189.0	0.0	298.0	495.0	639.0	34.0	24.0
189.0	0.0	298.0	495.0	639.0	34.0	24.0
189.0	0.0	298.0	495.0	639.0	34.0	24.0
189.0	0.0	298.0	495.0	639.0	34.0	24.0
189.0	0.0	298.0	495.0	639.0	34.0	24.0
189.0	0.0	298.0	495.0	639.0	34.0	24.0
189.0	0.0	298.0	495.0	639.0	34.0	24.0
189.0	0.0	298.0	495.0	639.0	34.0	24.0
189.0	0.0	298.0	495.0	639.0	34.0	24.0
189.0	0.0	298.0	495.0	639.0	34.0	24.0
189.0	0.0	298.0	495.0	639.0	34.0	24.0
189.0	0.0	298.0	495.0	639.0	34.0	24.0
195.0	0.0	298.0	496.0	639.0	34.0	24.0
195.0	0.0	298.0	496.0	639.0	34.0	24.0
195.0	0.0	298.0	496.0	639.0	34.0	24.0
195.0	0.0	298.0	496.0	639.0	34.0	24.0
195.0	0.0	298.0	496.0	639.0	34.0	24.0
195.0	0.0	298.0	496.0	639.0	34.0	24.0
195.0	0.0	298.0	496.0	639.0	34.0	24.0
195.0	0.0	298.0	496.0	639.0	34.0	24.0
195.0	0.0	298.0	496.0	639.0	34.0	24.0
