270.0	0.0	298.0	539.0	39.0	36.0	24.0
270.0	0.0	298.0	539.0	39.0	36.0	24.0
270.0	0.0	298.0	539.0	39.0	36.0	24.0
270.0	0.0	298.0	539.0	39.0	36.0	24.0
270.0	0.0	298.0	539.0	39.0	36.0	24.0
270.0	0.0	298.0	539.0	39.0	36.0	24.0
270.0	0.0	298.0	539.0	39.0	36.0	24.0
270.0	0.0	298.0	539.0	39.0	36.0	24.0
270.0	0.0	298.0	539.0	39.0	36.0	24.0
270.0	0.0	298.0	539.0	39.0	36.0	24.0
298.0	0.0	298.0	467.0	25.0	36.0	24.0
298.0	0.0	298.0	467.0	25.0	36.0	24.0
298.0	0.0	298.0	467.0	25.0	36.0	24.0
298.0	0.0	298.0	467.0	25.0	36.0	24.0
298.0	0.0	298.0	467.0	25.0	36.0	24.0
298.0	0.0	298.0	467.0	25.0	36.0	24.0
298.0	0.0	298.0	467.0	25.0	36.0	24.0
298.0	0.0	298.0	467.0	25.0	36.0	24.0
298.0	0.0	298.0	467.0	25.0	36.0	24.0
298.0	0.0	298.0	467.0	25.0	36.0	24.0
298.0	0.0	298.0	467.0	25.0	36.0	24.0
298.0	0.0	298.0	467.0	25.0	36.0	24.0
318.0	0.0	298.0	500.0	33.0	37.0	24.0
318.0	0.0	298.0	500.0	33.0	37.0	24.0
318.0	0.0	298.0	500.0	33.0	37.0	24.0
318.0	0.0	298.0	500.0	33.0	37.0	24.0
318.0	0.0	298.0	500.0	33.0	37.0	24.0
318.0	0.0	298.0	500.0	33.0	37.0	24.0
318.0	0.0	298.0	500.0	33.0	37.0	24.0
318.0	0.0	298.0	500.0	33.0	37.0	24.0
318.0	0.0	298.0	500.0	33.0	37.0	24.0
318.0	0.0	298.0	500.0	33.0	37.0	24.0
318.0	0.0	298.0	500.0	33.0	37.0	24.0
318.0	0.0	298.0	500.0	33.0	37.0	24.0
329.0	0.0	290.0	491.0	41.0	38.0	24.0
329.0	0.0	290.0	491.0	41.0	38.0	24.0
329.0	0.0	290.0	491.0	41.0	38.0	24.0
329.0	0.0	290.0	491.0	41.0	38.0	24.0
329.0	0.0	290.0	491.0	41.0	38.0	24.0
329.0	0.0	290.0	491.0	41.0	38.0	24.0
329.0	0.0	290.0	491.0	41.0	38.0	24.0
329.0	0.0	290.0	491.0	41.0	38.0	24.0
329.0	0.0	290.0	491.0	41.0	38.0	24.0
329.0	0.0	290.0	491.0	41.0	38.0	24.0
329.0	0.0	290.0	491.0	41.0	38.0	24.0
329.0	0.0	290.0	491.0	41.0	38.0	24.0
328.0	0.0	284.0	473.0	44.0	38.0	24.0
328.0	0.0	284.0	473.0	44.0	38.0	24.0
328.0	0.0	284.0	473.0	44.0	38.0	24.0
328.0	0.0	284.0	473.0	44.0	38.0	24.0
328.0	0.0	284.0	473.0	44.0	38.0	24.0
328.0	0.0	284.0	473.0	44.0	38.0	24.0
328.0	0.0	284.0	473.0	44.0	38.0	24.0
328.0	0.0	284.0	473.0	44.0	38.0	24.0
328.0	0.0	284.0	473.0	44.0	38.0	24.0
328.0	0.0	284.0	473.0	44.0	38.0	24.0
328.0	0.0	284.0	473.0	44.0	38.0	24.0
328.0	0.0	284.0	473.0	44.0	38.0	24.0
329.0	0.0	283.0	496.0	39.0	39.0	24.0
329.0	0.0	283.0	496.0	39.0	39.0	24.0
329.0	0.0	283.0	496.0	39.0	39.0	24.0
329.0	0.0	283.0	496.0	39.0	39.0	24.0
329.0	0.0	283.0	496.0	39.0	39.0	24.0
329.0	0.0	283.0	496.0	39.0	39.0	24.0
329.0	0.0	283.0	496.0	39.0	39.0	24.0
329.0	0.0	283.0	496.0	39.0	39.0	24.0
329.0	0.0	283.0	496.0	39.0	39.0	24.0
329.0	0.0	283.0	496.0	39.0	39.0	24.0
329.0	0.0	283.0	496.0	39.0	39.0	24.0
329.0	0.0	283.0	496.0	39.0	39.0	24.0
327.0	0.0	272.0	497.0	39.0	39.0	24.0
327.0	0.0	272.0	497.0	39.0	39.0	24.0
327.0	0.0	272.0	497.0	39.0	39.0	24.0
327.0	0.0	272.0	497.0	39.0	39.0	24.0
327.0	0.0	272.0	497.0	39.0	39.0	24.0
327.0	0.0	272.0	497.0	39.0	39.0	24.0
327.0	0.0	272.0	497.0	39.0	39.0	24.0
327.0	0.0	272.0	497.0	39.0	39.0	24.0
327.0	0.0	272.0	497.0	39.0	39.0	24.0
327.0	0.0	272.0	497.0	39.0	39.0	24.0
327.0	0.0	272.0	497.0	39.0	39.0	24.0
327.0	0.0	272.0	497.0	39.0	39.0	24.0
313.0	0.0	269.0	486.0	46.0	39.0	25.0
313.0	0.0	269.0	486.0	46.0	39.0	25.0
313.0	0.0	269.0	486.0	46.0	39.0	25.0
313.0	0.0	269.0	486.0	46.0	39.0	25.0
313.0	0.0	269.0	486.0	46.0	39.0	25.0
313.0	0.0	269.0	486.0	46.0	39.0	25.0
313.0	0.0	269.0	486.0	46.0	39.0	25.0
313.0	0.0	269.0	486.0	46.0	39.0	25.0
313.0	0.0	269.0	486.0	46.0	39.0	25.0
313.0	0.0	269.0	486.0	46.0	39.0	25.0
313.0	0.0	269.0	486.0	46.0	39.0	25.0
313.0	0.0	269.0	486.0	46.0	39.0	25.0
318.0	0.0	266.0	506.0	14.0	51.0	25.0
318.0	0.0	266.0	506.0	14.0	51.0	25.0
318.0	0.0	266.0	506.0	14.0	51.0	25.0
318.0	0.0	266.0	506.0	14.0	51.0	25.0
318.0	0.0	266.0	506.0	14.0	51.0	25.0
318.0	0.0	266.0	506.0	14.0	51.0	25.0
318.0	0.0	266.0	506.0	14.0	51.0	25.0
318.0	0.0	266.0	506.0	14.0	51.0	25.0
318.0	0.0	266.0	506.0	14.0	51.0	25.0
318.0	0.0	266.0	506.0	14.0	51.0	25.0
318.0	0.0	266.0	506.0	14.0	51.0	25.0
318.0	0.0	266.0	506.0	14.0	51.0	25.0
320.0	0.0	266.0	501.0	14.0	59.0	26.0
320.0	0.0	266.0	501.0	14.0	59.0	26.0
320.0	0.0	266.0	501.0	14.0	59.0	26.0
320.0	0.0	266.0	501.0	14.0	59.0	26.0
320.0	0.0	266.0	501.0	14.0	59.0	26.0
320.0	0.0	266.0	501.0	14.0	59.0	26.0
320.0	0.0	266.0	501.0	14.0	59.0	26.0
320.0	0.0	266.0	501.0	14.0	59.0	26.0
320.0	0.0	266.0	501.0	14.0	59.0	26.0
320.0	0.0	266.0	501.0	14.0	59.0	26.0
320.0	0.0	266.0	501.0	14.0	59.0	26.0
314.0	0.0	270.0	482.0	15.0	67.0	27.0
314.0	0.0	270.0	482.0	15.0	67.0	27.0
314.0	0.0	270.0	482.0	15.0	67.0	27.0
314.0	0.0	270.0	482.0	15.0	67.0	27.0
314.0	0.0	270.0	482.0	15.0	67.0	27.0
314.0	0.0	270.0	482.0	15.0	67.0	27.0
314.0	0.0	270.0	482.0	15.0	67.0	27.0
314.0	0.0	270.0	482.0	15.0	67.0	27.0
314.0	0.0	270.0	482.0	15.0	67.0	27.0
314.0	0.0	270.0	482.0	15.0	67.0	27.0
314.0	0.0	270.0	482.0	15.0	67.0	27.0
314.0	0.0	270.0	482.0	15.0	67.0	27.0
306.0	0.0	280.0	488.0	44.0	73.0	28.0
306.0	0.0	280.0	488.0	44.0	73.0	28.0
306.0	0.0	280.0	488.0	44.0	73.0	28.0
306.0	0.0	280.0	488.0	44.0	73.0	28.0
306.0	0.0	280.0	488.0	44.0	73.0	28.0
306.0	0.0	280.0	488.0	44.0	73.0	28.0
306.0	0.0	280.0	488.0	44.0	73.0	28.0
306.0	0.0	280.0	488.0	44.0	73.0	28.0
306.0	0.0	280.0	488.0	44.0	73.0	28.0
306.0	0.0	280.0	488.0	44.0	73.0	28.0
306.0	0.0	280.0	488.0	44.0	73.0	28.0
306.0	0.0	280.0	488.0	44.0	73.0	28.0
306.0	0.0	281.0	493.0	46.0	77.0	28.0
306.0	0.0	281.0	493.0	46.0	77.0	28.0
306.0	0.0	281.0	493.0	46.0	77.0	28.0
306.0	0.0	281.0	493.0	46.0	77.0	28.0
306.0	0.0	281.0	493.0	46.0	77.0	28.0
306.0	0.0	281.0	493.0	46.0	77.0	28.0
306.0	0.0	281.0	493.0	46.0	77.0	28.0
306.0	0.0	281.0	493.0	46.0	77.0	28.0
306.0	0.0	281.0	493.0	46.0	77.0	28.0
306.0	0.0	281.0	493.0	46.0	77.0	28.0
306.0	0.0	281.0	493.0	46.0	77.0	28.0
306.0	0.0	281.0	493.0	46.0	77.0	28.0
303.0	0.0	283.0	498.0	46.0	81.0	28.0
303.0	0.0	283.0	498.0	46.0	81.0	28.0
303.0	0.0	283.0	498.0	46.0	81.0	28.0
303.0	0.0	283.0	498.0	46.0	81.0	28.0
303.0	0.0	283.0	498.0	46.0	81.0	28.0
303.0	0.0	283.0	498.0	46.0	81.0	28.0
303.0	0.0	283.0	498.0	46.0	81.0	28.0
303.0	0.0	283.0	498.0	46.0	81.0	28.0
303.0	0.0	283.0	498.0	46.0	81.0	28.0
303.0	0.0	283.0	498.0	46.0	81.0	28.0
303.0	0.0	283.0	498.0	46.0	81.0	28.0
303.0	0.0	283.0	498.0	46.0	81.0	28.0
310.0	0.0	283.0	488.0	46.0	84.0	28.0
310.0	0.0	283.0	488.0	46.0	84.0	28.0
310.0	0.0	283.0	488.0	46.0	84.0	28.0
310.0	0.0	283.0	488.0	46.0	84.0	28.0
310.0	0.0	283.0	488.0	46.0	84.0	28.0
310.0	0.0	283.0	488.0	46.0	84.0	28.0
310.0	0.0	283.0	488.0	46.0	84.0	28.0
310.0	0.0	283.0	488.0	46.0	84.0	28.0
310.0	0.0	283.0	488.0	46.0	84.0	28.0
310.0	0.0	283.0	488.0	46.0	84.0	28.0
310.0	0.0	283.0	488.0	46.0	84.0	28.0
310.0	0.0	283.0	488.0	46.0	84.0	28.0
317.0	0.0	282.0	492.0	44.0	86.0	28.0
317.0	0.0	282.0	492.0	44.0	86.0	28.0
317.0	0.0	282.0	492.0	44.0	86.0	28.0
317.0	0.0	282.0	492.0	44.0	86.0	28.0
317.0	0.0	282.0	492.0	44.0	86.0	28.0
317.0	0.0	282.0	492.0	44.0	86.0	28.0
317.0	0.0	282.0	492.0	44.0	86.0	28.0
317.0	0.0	282.0	492.0	44.0	86.0	28.0
317.0	0.0	282.0	492.0	44.0	86.0	28.0
317.0	0.0	282.0	492.0	44.0	86.0	28.0
317.0	0.0	282.0	492.0	44.0	86.0	28.0
317.0	0.0	282.0	492.0	44.0	86.0	28.0
321.0	0.0	282.0	486.0	64.0	89.0	28.0
321.0	0.0	282.0	486.0	64.0	89.0	28.0
321.0	0.0	282.0	486.0	64.0	89.0	28.0
321.0	0.0	282.0	486.0	64.0	89.0	28.0
321.0	0.0	282.0	486.0	64.0	89.0	28.0
321.0	0.0	282.0	486.0	64.0	89.0	28.0
321.0	0.0	282.0	486.0	64.0	89.0	28.0
321.0	0.0	282.0	486.0	64.0	89.0	28.0
321.0	0.0	282.0	486.0	64.0	89.0	28.0
321.0	0.0	282.0	486.0	64.0	89.0	28.0
321.0	0.0	282.0	486.0	64.0	89.0	28.0
321.0	0.0	282.0	486.0	64.0	89.0	28.0
324.0	0.0	282.0	492.0	44.0	91.0	28.0
324.0	0.0	282.0	492.0	44.0	91.0	28.0
324.0	0.0	282.0	492.0	44.0	91.0	28.0
324.0	0.0	282.0	492.0	44.0	91.0	28.0
324.0	0.0	282.0	492.0	44.0	91.0	28.0
324.0	0.0	282.0	492.0	44.0	91.0	28.0
324.0	0.0	282.0	492.0	44.0	91.0	28.0
324.0	0.0	282.0	492.0	44.0	91.0	28.0
324.0	0.0	282.0	492.0	44.0	91.0	28.0
324.0	0.0	282.0	492.0	44.0	91.0	28.0
324.0	0.0	282.0	492.0	44.0	91.0	28.0
331.0	0.0	283.0	496.0	23.0	93.0	28.0
331.0	0.0	283.0	496.0	23.0	93.0	28.0
331.0	0.0	283.0	496.0	23.0	93.0	28.0
331.0	0.0	283.0	496.0	23.0	93.0	28.0
331.0	0.0	283.0	496.0	23.0	93.0	28.0
331.0	0.0	283.0	496.0	23.0	93.0	28.0
331.0	0.0	283.0	496.0	23.0	93.0	28.0
331.0	0.0	283.0	496.0	23.0	93.0	28.0
331.0	0.0	283.0	496.0	23.0	93.0	28.0
331.0	0.0	283.0	496.0	23.0	93.0	28.0
331.0	0.0	283.0	496.0	23.0	93.0	28.0
331.0	0.0	283.0	496.0	23.0	93.0	28.0
345.0	0.0	284.0	482.0	14.0	94.0	28.0
345.0	0.0	284.0	482.0	14.0	94.0	28.0
345.0	0.0	284.0	482.0	14.0	94.0	28.0
345.0	0.0	284.0	482.0	14.0	94.0	28.0
345.0	0.0	284.0	482.0	14.0	94.0	28.0
345.0	0.0	284.0	482.0	14.0	94.0	28.0
345.0	0.0	284.0	482.0	14.0	94.0	28.0
345.0	0.0	284.0	482.0	14.0	94.0	28.0
345.0	0.0	284.0	482.0	14.0	94.0	28.0
345.0	0.0	284.0	482.0	14.0	94.0	28.0
345.0	0.0	284.0	482.0	14.0	94.0	28.0
345.0	0.0	284.0	482.0	14.0	94.0	28.0
339.0	0.0	283.0	484.0	25.0	95.0	28.0
339.0	0.0	283.0	484.0	25.0	95.0	28.0
339.0	0.0	283.0	484.0	25.0	95.0	28.0
339.0	0.0	283.0	484.0	25.0	95.0	28.0
339.0	0.0	283.0	484.0	25.0	95.0	28.0
339.0	0.0	283.0	484.0	25.0	95.0	28.0
339.0	0.0	283.0	484.0	25.0	95.0	28.0
339.0	0.0	283.0	484.0	25.0	95.0	28.0
339.0	0.0	283.0	484.0	25.0	95.0	28.0
339.0	0.0	283.0	484.0	25.0	95.0	28.0
339.0	0.0	283.0	484.0	25.0	95.0	28.0
339.0	0.0	283.0	484.0	25.0	95.0	28.0
336.0	0.0	282.0	495.0	14.0	96.0	28.0
336.0	0.0	282.0	495.0	14.0	96.0	28.0
336.0	0.0	282.0	495.0	14.0	96.0	28.0
336.0	0.0	282.0	495.0	14.0	96.0	28.0
336.0	0.0	282.0	495.0	14.0	96.0	28.0
336.0	0.0	282.0	495.0	14.0	96.0	28.0
336.0	0.0	282.0	495.0	14.0	96.0	28.0
336.0	0.0	282.0	495.0	14.0	96.0	28.0
336.0	0.0	282.0	495.0	14.0	96.0	28.0
336.0	0.0	282.0	495.0	14.0	96.0	28.0
336.0	0.0	282.0	495.0	14.0	96.0	28.0
336.0	0.0	282.0	495.0	14.0	96.0	28.0
339.0	0.0	283.0	496.0	14.0	96.0	28.0
339.0	0.0	283.0	496.0	14.0	96.0	28.0
339.0	0.0	283.0	496.0	14.0	96.0	28.0
339.0	0.0	283.0	496.0	14.0	96.0	28.0
339.0	0.0	283.0	496.0	14.0	96.0	28.0
339.0	0.0	283.0	496.0	14.0	96.0	28.0
339.0	0.0	283.0	496.0	14.0	96.0	28.0
339.0	0.0	283.0	496.0	14.0	96.0	28.0
339.0	0.0	283.0	496.0	14.0	96.0	28.0
339.0	0.0	283.0	496.0	14.0	96.0	28.0
339.0	0.0	283.0	496.0	14.0	96.0	28.0
339.0	0.0	283.0	496.0	14.0	96.0	28.0
348.0	0.0	282.0	492.0	14.0	97.0	28.0
348.0	0.0	282.0	492.0	14.0	97.0	28.0
348.0	0.0	282.0	492.0	14.0	97.0	28.0
348.0	0.0	282.0	492.0	14.0	97.0	28.0
348.0	0.0	282.0	492.0	14.0	97.0	28.0
348.0	0.0	282.0	492.0	14.0	97.0	28.0
348.0	0.0	282.0	492.0	14.0	97.0	28.0
348.0	0.0	282.0	492.0	14.0	97.0	28.0
348.0	0.0	282.0	492.0	14.0	97.0	28.0
348.0	0.0	282.0	492.0	14.0	97.0	28.0
348.0	0.0	282.0	492.0	14.0	97.0	28.0
348.0	0.0	282.0	492.0	14.0	97.0	28.0
353.0	0.0	283.0	489.0	14.0	96.0	28.0
353.0	0.0	283.0	489.0	14.0	96.0	28.0
353.0	0.0	283.0	489.0	14.0	96.0	28.0
353.0	0.0	283.0	489.0	14.0	96.0	28.0
353.0	0.0	283.0	489.0	14.0	96.0	28.0
353.0	0.0	283.0	489.0	14.0	96.0	28.0
353.0	0.0	283.0	489.0	14.0	96.0	28.0
353.0	0.0	283.0	489.0	14.0	96.0	28.0
353.0	0.0	283.0	489.0	14.0	96.0	28.0
353.0	0.0	283.0	489.0	14.0	96.0	28.0
353.0	0.0	283.0	489.0	14.0	96.0	28.0
348.0	0.0	283.0	487.0	14.0	96.0	28.0
348.0	0.0	283.0	487.0	14.0	96.0	28.0
348.0	0.0	283.0	487.0	14.0	96.0	28.0
348.0	0.0	283.0	487.0	14.0	96.0	28.0
348.0	0.0	283.0	487.0	14.0	96.0	28.0
348.0	0.0	283.0	487.0	14.0	96.0	28.0
348.0	0.0	283.0	487.0	14.0	96.0	28.0
348.0	0.0	283.0	487.0	14.0	96.0	28.0
348.0	0.0	283.0	487.0	14.0	96.0	28.0
348.0	0.0	283.0	487.0	14.0	96.0	28.0
348.0	0.0	283.0	487.0	14.0	96.0	28.0
348.0	0.0	283.0	487.0	14.0	96.0	28.0
349.0	0.0	283.0	489.0	23.0	95.0	28.0
349.0	0.0	283.0	489.0	23.0	95.0	28.0
349.0	0.0	283.0	489.0	23.0	95.0	28.0
349.0	0.0	283.0	489.0	23.0	95.0	28.0
349.0	0.0	283.0	489.0	23.0	95.0	28.0
349.0	0.0	283.0	489.0	23.0	95.0	28.0
349.0	0.0	283.0	489.0	23.0	95.0	28.0
349.0	0.0	283.0	489.0	23.0	95.0	28.0
349.0	0.0	283.0	489.0	23.0	95.0	28.0
349.0	0.0	283.0	489.0	23.0	95.0	28.0
349.0	0.0	283.0	489.0	23.0	95.0	28.0
349.0	0.0	283.0	489.0	23.0	95.0	28.0
352.0	0.0	284.0	485.0	14.0	95.0	28.0
352.0	0.0	284.0	485.0	14.0	95.0	28.0
352.0	0.0	284.0	485.0	14.0	95.0	28.0
352.0	0.0	284.0	485.0	14.0	95.0	28.0
352.0	0.0	284.0	485.0	14.0	95.0	28.0
352.0	0.0	284.0	485.0	14.0	95.0	28.0
352.0	0.0	284.0	485.0	14.0	95.0	28.0
352.0	0.0	284.0	485.0	14.0	95.0	28.0
352.0	0.0	284.0	485.0	14.0	95.0	28.0
352.0	0.0	284.0	485.0	14.0	95.0	28.0
352.0	0.0	284.0	485.0	14.0	95.0	28.0
352.0	0.0	284.0	485.0	14.0	95.0	28.0
358.0	0.0	284.0	496.0	14.0	95.0	28.0
358.0	0.0	284.0	496.0	14.0	95.0	28.0
358.0	0.0	284.0	496.0	14.0	95.0	28.0
358.0	0.0	284.0	496.0	14.0	95.0	28.0
358.0	0.0	284.0	496.0	14.0	95.0	28.0
358.0	0.0	284.0	496.0	14.0	95.0	28.0
358.0	0.0	284.0	496.0	14.0	95.0	28.0
358.0	0.0	284.0	496.0	14.0	95.0	28.0
358.0	0.0	284.0	496.0	14.0	95.0	28.0
358.0	0.0	284.0	496.0	14.0	95.0	28.0
358.0	0.0	284.0	496.0	14.0	95.0	28.0
358.0	0.0	284.0	496.0	14.0	95.0	28.0
356.0	0.0	283.0	483.0	14.0	95.0	28.0
356.0	0.0	283.0	483.0	14.0	95.0	28.0
356.0	0.0	283.0	483.0	14.0	95.0	28.0
356.0	0.0	283.0	483.0	14.0	95.0	28.0
356.0	0.0	283.0	483.0	14.0	95.0	28.0
356.0	0.0	283.0	483.0	14.0	95.0	28.0
356.0	0.0	283.0	483.0	14.0	95.0	28.0
356.0	0.0	283.0	483.0	14.0	95.0	28.0
356.0	0.0	283.0	483.0	14.0	95.0	28.0
356.0	0.0	283.0	483.0	14.0	95.0	28.0
356.0	0.0	283.0	483.0	14.0	95.0	28.0
356.0	0.0	283.0	483.0	14.0	95.0	28.0
348.0	0.0	282.0	489.0	14.0	94.0	28.0
348.0	0.0	282.0	489.0	14.0	94.0	28.0
348.0	0.0	282.0	489.0	14.0	94.0	28.0
348.0	0.0	282.0	489.0	14.0	94.0	28.0
348.0	0.0	282.0	489.0	14.0	94.0	28.0
348.0	0.0	282.0	489.0	14.0	94.0	28.0
348.0	0.0	282.0	489.0	14.0	94.0	28.0
348.0	0.0	282.0	489.0	14.0	94.0	28.0
348.0	0.0	282.0	489.0	14.0	94.0	28.0
348.0	0.0	282.0	489.0	14.0	94.0	28.0
348.0	0.0	282.0	489.0	14.0	94.0	28.0
348.0	0.0	282.0	489.0	14.0	94.0	28.0
345.0	0.0	283.0	481.0	14.0	93.0	28.0
345.0	0.0	283.0	481.0	14.0	93.0	28.0
345.0	0.0	283.0	481.0	14.0	93.0	28.0
345.0	0.0	283.0	481.0	14.0	93.0	28.0
345.0	0.0	283.0	481.0	14.0	93.0	28.0
345.0	0.0	283.0	481.0	14.0	93.0	28.0
345.0	0.0	283.0	481.0	14.0	93.0	28.0
345.0	0.0	283.0	481.0	14.0	93.0	28.0
345.0	0.0	283.0	481.0	14.0	93.0	28.0
345.0	0.0	283.0	481.0	14.0	93.0	28.0
345.0	0.0	283.0	481.0	14.0	93.0	28.0
345.0	0.0	283.0	481.0	14.0	93.0	28.0
355.0	0.0	281.0	492.0	23.0	92.0	28.0
355.0	0.0	281.0	492.0	23.0	92.0	28.0
355.0	0.0	281.0	492.0	23.0	92.0	28.0
355.0	0.0	281.0	492.0	23.0	92.0	28.0
355.0	0.0	281.0	492.0	23.0	92.0	28.0
355.0	0.0	281.0	492.0	23.0	92.0	28.0
355.0	0.0	281.0	492.0	23.0	92.0	28.0
355.0	0.0	281.0	492.0	23.0	92.0	28.0
355.0	0.0	281.0	492.0	23.0	92.0	28.0
355.0	0.0	281.0	492.0	23.0	92.0	28.0
355.0	0.0	281.0	492.0	23.0	92.0	28.0
355.0	0.0	281.0	492.0	23.0	92.0	28.0
362.0	0.0	283.0	497.0	14.0	91.0	28.0
362.0	0.0	283.0	497.0	14.0	91.0	28.0
362.0	0.0	283.0	497.0	14.0	91.0	28.0
362.0	0.0	283.0	497.0	14.0	91.0	28.0
362.0	0.0	283.0	497.0	14.0	91.0	28.0
362.0	0.0	283.0	497.0	14.0	91.0	28.0
362.0	0.0	283.0	497.0	14.0	91.0	28.0
362.0	0.0	283.0	497.0	14.0	91.0	28.0
362.0	0.0	283.0	497.0	14.0	91.0	28.0
362.0	0.0	283.0	497.0	14.0	91.0	28.0
362.0	0.0	283.0	497.0	14.0	91.0	28.0
362.0	0.0	283.0	497.0	14.0	91.0	28.0
360.0	0.0	281.0	486.0	14.0	90.0	28.0
360.0	0.0	281.0	486.0	14.0	90.0	28.0
360.0	0.0	281.0	486.0	14.0	90.0	28.0
360.0	0.0	281.0	486.0	14.0	90.0	28.0
360.0	0.0	281.0	486.0	14.0	90.0	28.0
360.0	0.0	281.0	486.0	14.0	90.0	28.0
360.0	0.0	281.0	486.0	14.0	90.0	28.0
360.0	0.0	281.0	486.0	14.0	90.0	28.0
360.0	0.0	281.0	486.0	14.0	90.0	28.0
360.0	0.0	281.0	486.0	14.0	90.0	28.0
360.0	0.0	281.0	486.0	14.0	90.0	28.0
352.0	0.0	287.0	488.0	44.0	89.0	28.0
352.0	0.0	287.0	488.0	44.0	89.0	28.0
352.0	0.0	287.0	488.0	44.0	89.0	28.0
352.0	0.0	287.0	488.0	44.0	89.0	28.0
352.0	0.0	287.0	488.0	44.0	89.0	28.0
352.0	0.0	287.0	488.0	44.0	89.0	28.0
352.0	0.0	287.0	488.0	44.0	89.0	28.0
352.0	0.0	287.0	488.0	44.0	89.0	28.0
352.0	0.0	287.0	488.0	44.0	89.0	28.0
352.0	0.0	287.0	488.0	44.0	89.0	28.0
352.0	0.0	287.0	488.0	44.0	89.0	28.0
352.0	0.0	287.0	488.0	44.0	89.0	28.0
334.0	0.0	294.0	485.0	15.0	89.0	28.0
334.0	0.0	294.0	485.0	15.0	89.0	28.0
334.0	0.0	294.0	485.0	15.0	89.0	28.0
334.0	0.0	294.0	485.0	15.0	89.0	28.0
334.0	0.0	294.0	485.0	15.0	89.0	28.0
334.0	0.0	294.0	485.0	15.0	89.0	28.0
334.0	0.0	294.0	485.0	15.0	89.0	28.0
334.0	0.0	294.0	485.0	15.0	89.0	28.0
334.0	0.0	294.0	485.0	15.0	89.0	28.0
334.0	0.0	294.0	485.0	15.0	89.0	28.0
334.0	0.0	294.0	485.0	15.0	89.0	28.0
334.0	0.0	294.0	485.0	15.0	89.0	28.0
243.0	0.0	297.0	646.0	23.0	89.0	28.0
243.0	0.0	297.0	646.0	23.0	89.0	28.0
243.0	0.0	297.0	646.0	23.0	89.0	28.0
243.0	0.0	297.0	646.0	23.0	89.0	28.0
243.0	0.0	297.0	646.0	23.0	89.0	28.0
243.0	0.0	297.0	646.0	23.0	89.0	28.0
243.0	0.0	297.0	646.0	23.0	89.0	28.0
243.0	0.0	297.0	646.0	23.0	89.0	28.0
243.0	0.0	297.0	646.0	23.0	89.0	28.0
243.0	0.0	297.0	646.0	23.0	89.0	28.0
243.0	0.0	297.0	646.0	23.0	89.0	28.0
243.0	0.0	297.0	646.0	23.0	89.0	28.0
243.0	0.0	297.0	646.0	23.0	89.0	28.0
243.0	0.0	297.0	646.0	23.0	89.0	28.0
226.0	0.0	297.0	461.0	639.0	89.0	28.0
226.0	0.0	297.0	461.0	639.0	89.0	28.0
226.0	0.0	297.0	461.0	639.0	89.0	28.0
226.0	0.0	297.0	461.0	639.0	89.0	28.0
226.0	0.0	297.0	461.0	639.0	89.0	28.0
226.0	0.0	297.0	461.0	639.0	89.0	28.0
226.0	0.0	297.0	461.0	639.0	89.0	28.0
226.0	0.0	297.0	461.0	639.0	89.0	28.0
226.0	0.0	297.0	461.0	639.0	89.0	28.0
226.0	0.0	297.0	461.0	639.0	89.0	28.0
226.0	0.0	297.0	461.0	639.0	89.0	28.0
226.0	0.0	297.0	461.0	639.0	89.0	28.0
226.0	0.0	297.0	461.0	639.0	89.0	28.0
226.0	0.0	297.0	461.0	639.0	89.0	28.0
226.0	0.0	297.0	461.0	639.0	89.0	28.0
219.0	0.0	297.0	475.0	639.0	88.0	28.0
219.0	0.0	297.0	475.0	639.0	88.0	28.0
219.0	0.0	297.0	475.0	639.0	88.0	28.0
219.0	0.0	297.0	475.0	639.0	88.0	28.0
219.0	0.0	297.0	475.0	639.0	88.0	28.0
219.0	0.0	297.0	475.0	639.0	88.0	28.0
219.0	0.0	297.0	475.0	639.0	88.0	28.0
219.0	0.0	297.0	475.0	639.0	88.0	28.0
219.0	0.0	297.0	475.0	639.0	88.0	28.0
219.0	0.0	297.0	475.0	639.0	88.0	28.0
219.0	0.0	297.0	475.0	639.0	88.0	28.0
219.0	0.0	297.0	475.0	639.0	88.0	28.0
219.0	0.0	297.0	475.0	639.0	88.0	28.0
219.0	0.0	297.0	475.0	639.0	88.0	28.0
219.0	0.0	297.0	475.0	639.0	88.0	28.0
216.0	0.0	297.0	453.0	639.0	88.0	28.0
216.0	0.0	297.0	453.0	639.0	88.0	28.0
216.0	0.0	297.0	453.0	639.0	88.0	28.0
216.0	0.0	297.0	453.0	639.0	88.0	28.0
216.0	0.0	297.0	453.0	639.0	88.0	28.0
216.0	0.0	297.0	453.0	639.0	88.0	28.0
216.0	0.0	297.0	453.0	639.0	88.0	28.0
216.0	0.0	297.0	453.0	639.0	88.0	28.0
216.0	0.0	297.0	453.0	639.0	88.0	28.0
216.0	0.0	297.0	453.0	639.0	88.0	28.0
216.0	0.0	297.0	453.0	639.0	88.0	28.0
216.0	0.0	297.0	453.0	639.0	88.0	28.0
216.0	0.0	297.0	453.0	639.0	88.0	28.0
216.0	0.0	297.0	453.0	639.0	88.0	28.0
216.0	0.0	297.0	453.0	639.0	88.0	28.0
214.0	0.0	297.0	518.0	639.0	88.0	28.0
214.0	0.0	297.0	518.0	639.0	88.0	28.0
214.0	0.0	297.0	518.0	639.0	88.0	28.0
214.0	0.0	297.0	518.0	639.0	88.0	28.0
214.0	0.0	297.0	518.0	639.0	88.0	28.0
214.0	0.0	297.0	518.0	639.0	88.0	28.0
214.0	0.0	297.0	518.0	639.0	88.0	28.0
214.0	0.0	297.0	518.0	639.0	88.0	28.0
214.0	0.0	297.0	518.0	639.0	88.0	28.0
214.0	0.0	297.0	518.0	639.0	88.0	28.0
214.0	0.0	297.0	518.0	639.0	88.0	28.0
214.0	0.0	297.0	518.0	639.0	88.0	28.0
214.0	0.0	297.0	518.0	639.0	88.0	28.0
214.0	0.0	297.0	518.0	639.0	88.0	28.0
214.0	0.0	297.0	518.0	639.0	88.0	28.0
217.0	0.0	297.0	476.0	639.0	88.0	28.0
217.0	0.0	297.0	476.0	639.0	88.0	28.0
217.0	0.0	297.0	476.0	639.0	88.0	28.0
217.0	0.0	297.0	476.0	639.0	88.0	28.0
217.0	0.0	297.0	476.0	639.0	88.0	28.0
217.0	0.0	297.0	476.0	639.0	88.0	28.0
217.0	0.0	297.0	476.0	639.0	88.0	28.0
217.0	0.0	297.0	476.0	639.0	88.0	28.0
217.0	0.0	297.0	476.0	639.0	88.0	28.0
217.0	0.0	297.0	476.0	639.0	88.0	28.0
217.0	0.0	297.0	476.0	639.0	88.0	28.0
217.0	0.0	297.0	476.0	639.0	88.0	28.0
217.0	0.0	297.0	476.0	639.0	88.0	28.0
217.0	0.0	297.0	476.0	639.0	88.0	28.0
217.0	0.0	297.0	476.0	639.0	88.0	28.0
220.0	0.0	297.0	464.0	639.0	88.0	28.0
220.0	0.0	297.0	464.0	639.0	88.0	28.0
220.0	0.0	297.0	464.0	639.0	88.0	28.0
220.0	0.0	297.0	464.0	639.0	88.0	28.0
220.0	0.0	297.0	464.0	639.0	88.0	28.0
220.0	0.0	297.0	464.0	639.0	88.0	28.0
220.0	0.0	297.0	464.0	639.0	88.0	28.0
220.0	0.0	297.0	464.0	639.0	88.0	28.0
220.0	0.0	297.0	464.0	639.0	88.0	28.0
220.0	0.0	297.0	464.0	639.0	88.0	28.0
220.0	0.0	297.0	464.0	639.0	88.0	28.0
220.0	0.0	297.0	464.0	639.0	88.0	28.0
220.0	0.0	297.0	464.0	639.0	88.0	28.0
220.0	0.0	297.0	464.0	639.0	88.0	28.0
220.0	0.0	297.0	464.0	639.0	88.0	28.0
222.0	0.0	297.0	464.0	639.0	88.0	28.0
222.0	0.0	297.0	464.0	639.0	88.0	28.0
222.0	0.0	297.0	464.0	639.0	88.0	28.0
222.0	0.0	297.0	464.0	639.0	88.0	28.0
222.0	0.0	297.0	464.0	639.0	88.0	28.0
222.0	0.0	297.0	464.0	639.0	88.0	28.0
222.0	0.0	297.0	464.0	639.0	88.0	28.0
222.0	0.0	297.0	464.0	639.0	88.0	28.0
222.0	0.0	297.0	464.0	639.0	88.0	28.0
222.0	0.0	297.0	464.0	639.0	88.0	28.0
222.0	0.0	297.0	464.0	639.0	88.0	28.0
222.0	0.0	297.0	464.0	639.0	88.0	28.0
222.0	0.0	297.0	464.0	639.0	88.0	28.0
222.0	0.0	297.0	464.0	639.0	88.0	28.0
222.0	0.0	297.0	464.0	639.0	88.0	28.0
219.0	0.0	297.0	473.0	639.0	88.0	28.0
219.0	0.0	297.0	473.0	639.0	88.0	28.0
219.0	0.0	297.0	473.0	639.0	88.0	28.0
219.0	0.0	297.0	473.0	639.0	88.0	28.0
219.0	0.0	297.0	473.0	639.0	88.0	28.0
219.0	0.0	297.0	473.0	639.0	88.0	28.0
219.0	0.0	297.0	473.0	639.0	88.0	28.0
219.0	0.0	297.0	473.0	639.0	88.0	28.0
219.0	0.0	297.0	473.0	639.0	88.0	28.0
219.0	0.0	297.0	473.0	639.0	88.0	28.0
219.0	0.0	297.0	473.0	639.0	88.0	28.0
219.0	0.0	297.0	473.0	639.0	88.0	28.0
219.0	0.0	297.0	473.0	639.0	88.0	28.0
219.0	0.0	297.0	473.0	639.0	88.0	28.0
219.0	0.0	297.0	473.0	639.0	88.0	28.0
218.0	0.0	297.0	471.0	639.0	86.0	28.0
218.0	0.0	297.0	471.0	639.0	86.0	28.0
218.0	0.0	297.0	471.0	639.0	86.0	28.0
218.0	0.0	297.0	471.0	639.0	86.0	28.0
218.0	0.0	297.0	471.0	639.0	86.0	28.0
218.0	0.0	297.0	471.0	639.0	86.0	28.0
218.0	0.0	297.0	471.0	639.0	86.0	28.0
218.0	0.0	297.0	471.0	639.0	86.0	28.0
218.0	0.0	297.0	471.0	639.0	86.0	28.0
218.0	0.0	297.0	471.0	639.0	86.0	28.0
218.0	0.0	297.0	471.0	639.0	86.0	28.0
218.0	0.0	297.0	471.0	639.0	86.0	28.0
218.0	0.0	297.0	471.0	639.0	86.0	28.0
218.0	0.0	297.0	471.0	639.0	86.0	28.0
218.0	0.0	297.0	471.0	639.0	86.0	28.0
218.0	0.0	297.0	472.0	639.0	85.0	28.0
218.0	0.0	297.0	472.0	639.0	85.0	28.0
218.0	0.0	297.0	472.0	639.0	85.0	28.0
218.0	0.0	297.0	472.0	639.0	85.0	28.0
218.0	0.0	297.0	472.0	639.0	85.0	28.0
218.0	0.0	297.0	472.0	639.0	85.0	28.0
218.0	0.0	297.0	472.0	639.0	85.0	28.0
218.0	0.0	297.0	472.0	639.0	85.0	28.0
218.0	0.0	297.0	472.0	639.0	85.0	28.0
218.0	0.0	297.0	472.0	639.0	85.0	28.0
218.0	0.0	297.0	472.0	639.0	85.0	28.0
218.0	0.0	297.0	472.0	639.0	85.0	28.0
218.0	0.0	297.0	472.0	639.0	85.0	28.0
218.0	0.0	297.0	472.0	639.0	85.0	28.0
214.0	0.0	297.0	462.0	639.0	84.0	28.0
214.0	0.0	297.0	462.0	639.0	84.0	28.0
214.0	0.0	297.0	462.0	639.0	84.0	28.0
214.0	0.0	297.0	462.0	639.0	84.0	28.0
214.0	0.0	297.0	462.0	639.0	84.0	28.0
214.0	0.0	297.0	462.0	639.0	84.0	28.0
214.0	0.0	297.0	462.0	639.0	84.0	28.0
214.0	0.0	297.0	462.0	639.0	84.0	28.0
214.0	0.0	297.0	462.0	639.0	84.0	28.0
214.0	0.0	297.0	462.0	639.0	84.0	28.0
214.0	0.0	297.0	462.0	639.0	84.0	28.0
214.0	0.0	297.0	462.0	639.0	84.0	28.0
214.0	0.0	297.0	462.0	639.0	84.0	28.0
214.0	0.0	297.0	462.0	639.0	84.0	28.0
214.0	0.0	297.0	462.0	639.0	84.0	28.0
208.0	0.0	297.0	489.0	639.0	83.0	28.0
208.0	0.0	297.0	489.0	639.0	83.0	28.0
208.0	0.0	297.0	489.0	639.0	83.0	28.0
208.0	0.0	297.0	489.0	639.0	83.0	28.0
208.0	0.0	297.0	489.0	639.0	83.0	28.0
208.0	0.0	297.0	489.0	639.0	83.0	28.0
208.0	0.0	297.0	489.0	639.0	83.0	28.0
208.0	0.0	297.0	489.0	639.0	83.0	28.0
208.0	0.0	297.0	489.0	639.0	83.0	28.0
208.0	0.0	297.0	489.0	639.0	83.0	28.0
208.0	0.0	297.0	489.0	639.0	83.0	28.0
208.0	0.0	297.0	489.0	639.0	83.0	28.0
208.0	0.0	297.0	489.0	639.0	83.0	28.0
208.0	0.0	297.0	489.0	639.0	83.0	28.0
208.0	0.0	297.0	489.0	639.0	83.0	28.0
211.0	0.0	297.0	472.0	639.0	82.0	28.0
211.0	0.0	297.0	472.0	639.0	82.0	28.0
211.0	0.0	297.0	472.0	639.0	82.0	28.0
211.0	0.0	297.0	472.0	639.0	82.0	28.0
211.0	0.0	297.0	472.0	639.0	82.0	28.0
211.0	0.0	297.0	472.0	639.0	82.0	28.0
211.0	0.0	297.0	472.0	639.0	82.0	28.0
211.0	0.0	297.0	472.0	639.0	82.0	28.0
211.0	0.0	297.0	472.0	639.0	82.0	28.0
211.0	0.0	297.0	472.0	639.0	82.0	28.0
211.0	0.0	297.0	472.0	639.0	82.0	28.0
211.0	0.0	297.0	472.0	639.0	82.0	28.0
211.0	0.0	297.0	472.0	639.0	82.0	28.0
211.0	0.0	297.0	472.0	639.0	82.0	28.0
211.0	0.0	297.0	472.0	639.0	82.0	28.0
210.0	0.0	297.0	466.0	639.0	81.0	28.0
210.0	0.0	297.0	466.0	639.0	81.0	28.0
210.0	0.0	297.0	466.0	639.0	81.0	28.0
210.0	0.0	297.0	466.0	639.0	81.0	28.0
210.0	0.0	297.0	466.0	639.0	81.0	28.0
210.0	0.0	297.0	466.0	639.0	81.0	28.0
210.0	0.0	297.0	466.0	639.0	81.0	28.0
210.0	0.0	297.0	466.0	639.0	81.0	28.0
210.0	0.0	297.0	466.0	639.0	81.0	28.0
210.0	0.0	297.0	466.0	639.0	81.0	28.0
210.0	0.0	297.0	466.0	639.0	81.0	28.0
210.0	0.0	297.0	466.0	639.0	81.0	28.0
210.0	0.0	297.0	466.0	639.0	81.0	28.0
210.0	0.0	297.0	466.0	639.0	81.0	28.0
210.0	0.0	297.0	466.0	639.0	81.0	28.0
204.0	0.0	297.0	473.0	639.0	80.0	28.0
204.0	0.0	297.0	473.0	639.0	80.0	28.0
204.0	0.0	297.0	473.0	639.0	80.0	28.0
204.0	0.0	297.0	473.0	639.0	80.0	28.0
204.0	0.0	297.0	473.0	639.0	80.0	28.0
204.0	0.0	297.0	473.0	639.0	80.0	28.0
204.0	0.0	297.0	473.0	639.0	80.0	28.0
204.0	0.0	297.0	473.0	639.0	80.0	28.0
204.0	0.0	297.0	473.0	639.0	80.0	28.0
204.0	0.0	297.0	473.0	639.0	80.0	28.0
204.0	0.0	297.0	473.0	639.0	80.0	28.0
204.0	0.0	297.0	473.0	639.0	80.0	28.0
204.0	0.0	297.0	473.0	639.0	80.0	28.0
204.0	0.0	297.0	473.0	639.0	80.0	28.0
204.0	0.0	297.0	473.0	639.0	80.0	28.0
202.0	0.0	297.0	480.0	639.0	79.0	28.0
202.0	0.0	297.0	480.0	639.0	79.0	28.0
202.0	0.0	297.0	480.0	639.0	79.0	28.0
202.0	0.0	297.0	480.0	639.0	79.0	28.0
202.0	0.0	297.0	480.0	639.0	79.0	28.0
202.0	0.0	297.0	480.0	639.0	79.0	28.0
202.0	0.0	297.0	480.0	639.0	79.0	28.0
202.0	0.0	297.0	480.0	639.0	79.0	28.0
202.0	0.0	297.0	480.0	639.0	79.0	28.0
202.0	0.0	297.0	480.0	639.0	79.0	28.0
202.0	0.0	297.0	480.0	639.0	79.0	28.0
202.0	0.0	297.0	480.0	639.0	79.0	28.0
202.0	0.0	297.0	480.0	639.0	79.0	28.0
202.0	0.0	297.0	480.0	639.0	79.0	28.0
202.0	0.0	297.0	480.0	639.0	79.0	28.0
207.0	0.0	297.0	533.0	639.0	77.0	28.0
207.0	0.0	297.0	533.0	639.0	77.0	28.0
207.0	0.0	297.0	533.0	639.0	77.0	28.0
207.0	0.0	297.0	533.0	639.0	77.0	28.0
207.0	0.0	297.0	533.0	639.0	77.0	28.0
207.0	0.0	297.0	533.0	639.0	77.0	28.0
207.0	0.0	297.0	533.0	639.0	77.0	28.0
207.0	0.0	297.0	533.0	639.0	77.0	28.0
207.0	0.0	297.0	533.0	639.0	77.0	28.0
207.0	0.0	297.0	533.0	639.0	77.0	28.0
207.0	0.0	297.0	533.0	639.0	77.0	28.0
207.0	0.0	297.0	533.0	639.0	77.0	28.0
207.0	0.0	297.0	533.0	639.0	77.0	28.0
207.0	0.0	297.0	533.0	639.0	77.0	28.0
207.0	0.0	297.0	533.0	639.0	77.0	28.0
213.0	0.0	297.0	474.0	639.0	75.0	28.0
213.0	0.0	297.0	474.0	639.0	75.0	28.0
213.0	0.0	297.0	474.0	639.0	75.0	28.0
213.0	0.0	297.0	474.0	639.0	75.0	28.0
213.0	0.0	297.0	474.0	639.0	75.0	28.0
213.0	0.0	297.0	474.0	639.0	75.0	28.0
213.0	0.0	297.0	474.0	639.0	75.0	28.0
213.0	0.0	297.0	474.0	639.0	75.0	28.0
213.0	0.0	297.0	474.0	639.0	75.0	28.0
213.0	0.0	297.0	474.0	639.0	75.0	28.0
213.0	0.0	297.0	474.0	639.0	75.0	28.0
213.0	0.0	297.0	474.0	639.0	75.0	28.0
213.0	0.0	297.0	474.0	639.0	75.0	28.0
213.0	0.0	297.0	474.0	639.0	75.0	28.0
215.0	0.0	297.0	461.0	639.0	75.0	28.0
215.0	0.0	297.0	461.0	639.0	75.0	28.0
215.0	0.0	297.0	461.0	639.0	75.0	28.0
215.0	0.0	297.0	461.0	639.0	75.0	28.0
215.0	0.0	297.0	461.0	639.0	75.0	28.0
215.0	0.0	297.0	461.0	639.0	75.0	28.0
215.0	0.0	297.0	461.0	639.0	75.0	28.0
215.0	0.0	297.0	461.0	639.0	75.0	28.0
215.0	0.0	297.0	461.0	639.0	75.0	28.0
215.0	0.0	297.0	461.0	639.0	75.0	28.0
215.0	0.0	297.0	461.0	639.0	75.0	28.0
215.0	0.0	297.0	461.0	639.0	75.0	28.0
215.0	0.0	297.0	461.0	639.0	75.0	28.0
215.0	0.0	297.0	461.0	639.0	75.0	28.0
215.0	0.0	297.0	461.0	639.0	75.0	28.0
208.0	0.0	297.0	477.0	639.0	73.0	27.0
208.0	0.0	297.0	477.0	639.0	73.0	27.0
208.0	0.0	297.0	477.0	639.0	73.0	27.0
208.0	0.0	297.0	477.0	639.0	73.0	27.0
208.0	0.0	297.0	477.0	639.0	73.0	27.0
208.0	0.0	297.0	477.0	639.0	73.0	27.0
208.0	0.0	297.0	477.0	639.0	73.0	27.0
208.0	0.0	297.0	477.0	639.0	73.0	27.0
208.0	0.0	297.0	477.0	639.0	73.0	27.0
208.0	0.0	297.0	477.0	639.0	73.0	27.0
208.0	0.0	297.0	477.0	639.0	73.0	27.0
208.0	0.0	297.0	477.0	639.0	73.0	27.0
208.0	0.0	297.0	477.0	639.0	73.0	27.0
208.0	0.0	297.0	477.0	639.0	73.0	27.0
208.0	0.0	297.0	477.0	639.0	73.0	27.0
206.0	0.0	297.0	469.0	639.0	72.0	27.0
206.0	0.0	297.0	469.0	639.0	72.0	27.0
206.0	0.0	297.0	469.0	639.0	72.0	27.0
206.0	0.0	297.0	469.0	639.0	72.0	27.0
206.0	0.0	297.0	469.0	639.0	72.0	27.0
206.0	0.0	297.0	469.0	639.0	72.0	27.0
206.0	0.0	297.0	469.0	639.0	72.0	27.0
206.0	0.0	297.0	469.0	639.0	72.0	27.0
206.0	0.0	297.0	469.0	639.0	72.0	27.0
206.0	0.0	297.0	469.0	639.0	72.0	27.0
206.0	0.0	297.0	469.0	639.0	72.0	27.0
206.0	0.0	297.0	469.0	639.0	72.0	27.0
206.0	0.0	297.0	469.0	639.0	72.0	27.0
206.0	0.0	297.0	469.0	639.0	72.0	27.0
206.0	0.0	297.0	469.0	639.0	72.0	27.0
213.0	0.0	297.0	435.0	639.0	71.0	27.0
213.0	0.0	297.0	435.0	639.0	71.0	27.0
213.0	0.0	297.0	435.0	639.0	71.0	27.0
213.0	0.0	297.0	435.0	639.0	71.0	27.0
213.0	0.0	297.0	435.0	639.0	71.0	27.0
213.0	0.0	297.0	435.0	639.0	71.0	27.0
213.0	0.0	297.0	435.0	639.0	71.0	27.0
213.0	0.0	297.0	435.0	639.0	71.0	27.0
213.0	0.0	297.0	435.0	639.0	71.0	27.0
213.0	0.0	297.0	435.0	639.0	71.0	27.0
213.0	0.0	297.0	435.0	639.0	71.0	27.0
213.0	0.0	297.0	435.0	639.0	71.0	27.0
213.0	0.0	297.0	435.0	639.0	71.0	27.0
213.0	0.0	297.0	435.0	639.0	71.0	27.0
213.0	0.0	297.0	435.0	639.0	71.0	27.0
215.0	0.0	297.0	506.0	639.0	71.0	27.0
215.0	0.0	297.0	506.0	639.0	71.0	27.0
215.0	0.0	297.0	506.0	639.0	71.0	27.0
215.0	0.0	297.0	506.0	639.0	71.0	27.0
215.0	0.0	297.0	506.0	639.0	71.0	27.0
215.0	0.0	297.0	506.0	639.0	71.0	27.0
215.0	0.0	297.0	506.0	639.0	71.0	27.0
215.0	0.0	297.0	506.0	639.0	71.0	27.0
215.0	0.0	297.0	506.0	639.0	71.0	27.0
215.0	0.0	297.0	506.0	639.0	71.0	27.0
215.0	0.0	297.0	506.0	639.0	71.0	27.0
215.0	0.0	297.0	506.0	639.0	71.0	27.0
215.0	0.0	297.0	506.0	639.0	71.0	27.0
215.0	0.0	297.0	506.0	639.0	71.0	27.0
215.0	0.0	297.0	506.0	639.0	71.0	27.0
217.0	0.0	297.0	510.0	639.0	71.0	27.0
217.0	0.0	297.0	510.0	639.0	71.0	27.0
217.0	0.0	297.0	510.0	639.0	71.0	27.0
217.0	0.0	297.0	510.0	639.0	71.0	27.0
217.0	0.0	297.0	510.0	639.0	71.0	27.0
217.0	0.0	297.0	510.0	639.0	71.0	27.0
217.0	0.0	297.0	510.0	639.0	71.0	27.0
217.0	0.0	297.0	510.0	639.0	71.0	27.0
217.0	0.0	297.0	510.0	639.0	71.0	27.0
217.0	0.0	297.0	510.0	639.0	71.0	27.0
217.0	0.0	297.0	510.0	639.0	71.0	27.0
217.0	0.0	297.0	510.0	639.0	71.0	27.0
217.0	0.0	297.0	510.0	639.0	71.0	27.0
217.0	0.0	297.0	510.0	639.0	71.0	27.0
217.0	0.0	297.0	510.0	639.0	71.0	27.0
218.0	0.0	297.0	507.0	639.0	69.0	27.0
218.0	0.0	297.0	507.0	639.0	69.0	27.0
218.0	0.0	297.0	507.0	639.0	69.0	27.0
218.0	0.0	297.0	507.0	639.0	69.0	27.0
218.0	0.0	297.0	507.0	639.0	69.0	27.0
218.0	0.0	297.0	507.0	639.0	69.0	27.0
218.0	0.0	297.0	507.0	639.0	69.0	27.0
218.0	0.0	297.0	507.0	639.0	69.0	27.0
218.0	0.0	297.0	507.0	639.0	69.0	27.0
218.0	0.0	297.0	507.0	639.0	69.0	27.0
218.0	0.0	297.0	507.0	639.0	69.0	27.0
218.0	0.0	297.0	507.0	639.0	69.0	27.0
218.0	0.0	297.0	507.0	639.0	69.0	27.0
218.0	0.0	297.0	507.0	639.0	69.0	27.0
223.0	0.0	297.0	472.0	639.0	68.0	27.0
223.0	0.0	297.0	472.0	639.0	68.0	27.0
223.0	0.0	297.0	472.0	639.0	68.0	27.0
223.0	0.0	297.0	472.0	639.0	68.0	27.0
223.0	0.0	297.0	472.0	639.0	68.0	27.0
223.0	0.0	297.0	472.0	639.0	68.0	27.0
223.0	0.0	297.0	472.0	639.0	68.0	27.0
223.0	0.0	297.0	472.0	639.0	68.0	27.0
223.0	0.0	297.0	472.0	639.0	68.0	27.0
223.0	0.0	297.0	472.0	639.0	68.0	27.0
223.0	0.0	297.0	472.0	639.0	68.0	27.0
223.0	0.0	297.0	472.0	639.0	68.0	27.0
223.0	0.0	297.0	472.0	639.0	68.0	27.0
223.0	0.0	297.0	472.0	639.0	68.0	27.0
223.0	0.0	297.0	472.0	639.0	68.0	27.0
218.0	0.0	297.0	468.0	639.0	67.0	27.0
218.0	0.0	297.0	468.0	639.0	67.0	27.0
218.0	0.0	297.0	468.0	639.0	67.0	27.0
218.0	0.0	297.0	468.0	639.0	67.0	27.0
218.0	0.0	297.0	468.0	639.0	67.0	27.0
218.0	0.0	297.0	468.0	639.0	67.0	27.0
218.0	0.0	297.0	468.0	639.0	67.0	27.0
218.0	0.0	297.0	468.0	639.0	67.0	27.0
218.0	0.0	297.0	468.0	639.0	67.0	27.0
218.0	0.0	297.0	468.0	639.0	67.0	27.0
218.0	0.0	297.0	468.0	639.0	67.0	27.0
218.0	0.0	297.0	468.0	639.0	67.0	27.0
218.0	0.0	297.0	468.0	639.0	67.0	27.0
218.0	0.0	297.0	468.0	639.0	67.0	27.0
218.0	0.0	297.0	468.0	639.0	67.0	27.0
210.0	0.0	297.0	493.0	639.0	66.0	27.0
210.0	0.0	297.0	493.0	639.0	66.0	27.0
210.0	0.0	297.0	493.0	639.0	66.0	27.0
210.0	0.0	297.0	493.0	639.0	66.0	27.0
210.0	0.0	297.0	493.0	639.0	66.0	27.0
210.0	0.0	297.0	493.0	639.0	66.0	27.0
210.0	0.0	297.0	493.0	639.0	66.0	27.0
210.0	0.0	297.0	493.0	639.0	66.0	27.0
210.0	0.0	297.0	493.0	639.0	66.0	27.0
210.0	0.0	297.0	493.0	639.0	66.0	27.0
210.0	0.0	297.0	493.0	639.0	66.0	27.0
210.0	0.0	297.0	493.0	639.0	66.0	27.0
210.0	0.0	297.0	493.0	639.0	66.0	27.0
210.0	0.0	297.0	493.0	639.0	66.0	27.0
210.0	0.0	297.0	493.0	639.0	66.0	27.0
213.0	0.0	297.0	481.0	639.0	66.0	27.0
213.0	0.0	297.0	481.0	639.0	66.0	27.0
213.0	0.0	297.0	481.0	639.0	66.0	27.0
213.0	0.0	297.0	481.0	639.0	66.0	27.0
213.0	0.0	297.0	481.0	639.0	66.0	27.0
213.0	0.0	297.0	481.0	639.0	66.0	27.0
213.0	0.0	297.0	481.0	639.0	66.0	27.0
213.0	0.0	297.0	481.0	639.0	66.0	27.0
213.0	0.0	297.0	481.0	639.0	66.0	27.0
213.0	0.0	297.0	481.0	639.0	66.0	27.0
213.0	0.0	297.0	481.0	639.0	66.0	27.0
213.0	0.0	297.0	481.0	639.0	66.0	27.0
213.0	0.0	297.0	481.0	639.0	66.0	27.0
213.0	0.0	297.0	481.0	639.0	66.0	27.0
213.0	0.0	297.0	481.0	639.0	66.0	27.0
224.0	0.0	297.0	486.0	639.0	66.0	27.0
224.0	0.0	297.0	486.0	639.0	66.0	27.0
224.0	0.0	297.0	486.0	639.0	66.0	27.0
224.0	0.0	297.0	486.0	639.0	66.0	27.0
224.0	0.0	297.0	486.0	639.0	66.0	27.0
224.0	0.0	297.0	486.0	639.0	66.0	27.0
224.0	0.0	297.0	486.0	639.0	66.0	27.0
224.0	0.0	297.0	486.0	639.0	66.0	27.0
224.0	0.0	297.0	486.0	639.0	66.0	27.0
224.0	0.0	297.0	486.0	639.0	66.0	27.0
224.0	0.0	297.0	486.0	639.0	66.0	27.0
224.0	0.0	297.0	486.0	639.0	66.0	27.0
224.0	0.0	297.0	486.0	639.0	66.0	27.0
224.0	0.0	297.0	486.0	639.0	66.0	27.0
224.0	0.0	297.0	486.0	639.0	66.0	27.0
221.0	0.0	297.0	486.0	639.0	66.0	27.0
221.0	0.0	297.0	486.0	639.0	66.0	27.0
221.0	0.0	297.0	486.0	639.0	66.0	27.0
221.0	0.0	297.0	486.0	639.0	66.0	27.0
221.0	0.0	297.0	486.0	639.0	66.0	27.0
221.0	0.0	297.0	486.0	639.0	66.0	27.0
221.0	0.0	297.0	486.0	639.0	66.0	27.0
221.0	0.0	297.0	486.0	639.0	66.0	27.0
221.0	0.0	297.0	486.0	639.0	66.0	27.0
221.0	0.0	297.0	486.0	639.0	66.0	27.0
221.0	0.0	297.0	486.0	639.0	66.0	27.0
221.0	0.0	297.0	486.0	639.0	66.0	27.0
221.0	0.0	297.0	486.0	639.0	66.0	27.0
221.0	0.0	297.0	486.0	639.0	66.0	27.0
219.0	0.0	297.0	443.0	639.0	67.0	27.0
219.0	0.0	297.0	443.0	639.0	67.0	27.0
219.0	0.0	297.0	443.0	639.0	67.0	27.0
219.0	0.0	297.0	443.0	639.0	67.0	27.0
219.0	0.0	297.0	443.0	639.0	67.0	27.0
219.0	0.0	297.0	443.0	639.0	67.0	27.0
219.0	0.0	297.0	443.0	639.0	67.0	27.0
219.0	0.0	297.0	443.0	639.0	67.0	27.0
219.0	0.0	297.0	443.0	639.0	67.0	27.0
219.0	0.0	297.0	443.0	639.0	67.0	27.0
219.0	0.0	297.0	443.0	639.0	67.0	27.0
219.0	0.0	297.0	443.0	639.0	67.0	27.0
219.0	0.0	297.0	443.0	639.0	67.0	27.0
219.0	0.0	297.0	443.0	639.0	67.0	27.0
219.0	0.0	297.0	443.0	639.0	67.0	27.0
225.0	0.0	297.0	402.0	639.0	67.0	27.0
225.0	0.0	297.0	402.0	639.0	67.0	27.0
225.0	0.0	297.0	402.0	639.0	67.0	27.0
225.0	0.0	297.0	402.0	639.0	67.0	27.0
225.0	0.0	297.0	402.0	639.0	67.0	27.0
225.0	0.0	297.0	402.0	639.0	67.0	27.0
225.0	0.0	297.0	402.0	639.0	67.0	27.0
225.0	0.0	297.0	402.0	639.0	67.0	27.0
225.0	0.0	297.0	402.0	639.0	67.0	27.0
225.0	0.0	297.0	402.0	639.0	67.0	27.0
225.0	0.0	297.0	402.0	639.0	67.0	27.0
225.0	0.0	297.0	402.0	639.0	67.0	27.0
225.0	0.0	297.0	402.0	639.0	67.0	27.0
225.0	0.0	297.0	402.0	639.0	67.0	27.0
225.0	0.0	297.0	402.0	639.0	67.0	27.0
227.0	0.0	297.0	450.0	639.0	66.0	27.0
227.0	0.0	297.0	450.0	639.0	66.0	27.0
227.0	0.0	297.0	450.0	639.0	66.0	27.0
227.0	0.0	297.0	450.0	639.0	66.0	27.0
227.0	0.0	297.0	450.0	639.0	66.0	27.0
227.0	0.0	297.0	450.0	639.0	66.0	27.0
227.0	0.0	297.0	450.0	639.0	66.0	27.0
227.0	0.0	297.0	450.0	639.0	66.0	27.0
227.0	0.0	297.0	450.0	639.0	66.0	27.0
227.0	0.0	297.0	450.0	639.0	66.0	27.0
227.0	0.0	297.0	450.0	639.0	66.0	27.0
227.0	0.0	297.0	450.0	639.0	66.0	27.0
227.0	0.0	297.0	450.0	639.0	66.0	27.0
227.0	0.0	297.0	463.0	25.0	65.0	27.0
227.0	0.0	297.0	463.0	25.0	65.0	27.0
227.0	0.0	297.0	463.0	25.0	65.0	27.0
227.0	0.0	297.0	463.0	25.0	65.0	27.0
227.0	0.0	297.0	463.0	25.0	65.0	27.0
227.0	0.0	297.0	463.0	25.0	65.0	27.0
227.0	0.0	297.0	463.0	25.0	65.0	27.0
227.0	0.0	297.0	463.0	25.0	65.0	27.0
227.0	0.0	297.0	463.0	25.0	65.0	27.0
227.0	0.0	297.0	463.0	25.0	65.0	27.0
227.0	0.0	297.0	463.0	25.0	65.0	27.0
227.0	0.0	297.0	463.0	25.0	65.0	27.0
227.0	0.0	297.0	463.0	25.0	65.0	27.0
227.0	0.0	297.0	463.0	25.0	65.0	27.0
249.0	0.0	297.0	706.0	639.0	64.0	27.0
249.0	0.0	297.0	706.0	639.0	64.0	27.0
249.0	0.0	297.0	706.0	639.0	64.0	27.0
249.0	0.0	297.0	706.0	639.0	64.0	27.0
249.0	0.0	297.0	706.0	639.0	64.0	27.0
249.0	0.0	297.0	706.0	639.0	64.0	27.0
249.0	0.0	297.0	706.0	639.0	64.0	27.0
249.0	0.0	297.0	706.0	639.0	64.0	27.0
249.0	0.0	297.0	706.0	639.0	64.0	27.0
249.0	0.0	297.0	706.0	639.0	64.0	27.0
249.0	0.0	297.0	706.0	639.0	64.0	27.0
249.0	0.0	297.0	706.0	639.0	64.0	27.0
249.0	0.0	297.0	706.0	639.0	64.0	27.0
249.0	0.0	297.0	706.0	639.0	64.0	27.0
249.0	0.0	297.0	706.0	639.0	64.0	27.0
270.0	0.0	297.0	607.0	639.0	63.0	27.0
270.0	0.0	297.0	607.0	639.0	63.0	27.0
270.0	0.0	297.0	607.0	639.0	63.0	27.0
270.0	0.0	297.0	607.0	639.0	63.0	27.0
270.0	0.0	297.0	607.0	639.0	63.0	27.0
270.0	0.0	297.0	607.0	639.0	63.0	27.0
270.0	0.0	297.0	607.0	639.0	63.0	27.0
270.0	0.0	297.0	607.0	639.0	63.0	27.0
270.0	0.0	297.0	607.0	639.0	63.0	27.0
270.0	0.0	297.0	607.0	639.0	63.0	27.0
270.0	0.0	297.0	607.0	639.0	63.0	27.0
270.0	0.0	297.0	607.0	639.0	63.0	27.0
270.0	0.0	297.0	607.0	639.0	63.0	27.0
270.0	0.0	297.0	607.0	639.0	63.0	27.0
270.0	0.0	297.0	607.0	639.0	63.0	27.0
272.0	0.0	297.0	486.0	639.0	63.0	27.0
272.0	0.0	297.0	486.0	639.0	63.0	27.0
272.0	0.0	297.0	486.0	639.0	63.0	27.0
272.0	0.0	297.0	486.0	639.0	63.0	27.0
272.0	0.0	297.0	486.0	639.0	63.0	27.0
272.0	0.0	297.0	486.0	639.0	63.0	27.0
272.0	0.0	297.0	486.0	639.0	63.0	27.0
272.0	0.0	297.0	486.0	639.0	63.0	27.0
272.0	0.0	297.0	486.0	639.0	63.0	27.0
272.0	0.0	297.0	486.0	639.0	63.0	27.0
272.0	0.0	297.0	486.0	639.0	63.0	27.0
272.0	0.0	297.0	486.0	639.0	63.0	27.0
267.0	0.0	297.0	323.0	23.0	63.0	27.0
267.0	0.0	297.0	323.0	23.0	63.0	27.0
267.0	0.0	297.0	323.0	23.0	63.0	27.0
267.0	0.0	297.0	323.0	23.0	63.0	27.0
267.0	0.0	297.0	323.0	23.0	63.0	27.0
267.0	0.0	297.0	323.0	23.0	63.0	27.0
267.0	0.0	297.0	323.0	23.0	63.0	27.0
267.0	0.0	297.0	323.0	23.0	63.0	27.0
267.0	0.0	297.0	323.0	23.0	63.0	27.0
267.0	0.0	297.0	323.0	23.0	63.0	27.0
267.0	0.0	297.0	323.0	23.0	63.0	27.0
267.0	0.0	297.0	323.0	23.0	63.0	27.0
265.0	0.0	297.0	402.0	23.0	63.0	27.0
265.0	0.0	297.0	402.0	23.0	63.0	27.0
265.0	0.0	297.0	402.0	23.0	63.0	27.0
265.0	0.0	297.0	402.0	23.0	63.0	27.0
265.0	0.0	297.0	402.0	23.0	63.0	27.0
265.0	0.0	297.0	402.0	23.0	63.0	27.0
265.0	0.0	297.0	402.0	23.0	63.0	27.0
265.0	0.0	297.0	402.0	23.0	63.0	27.0
265.0	0.0	297.0	402.0	23.0	63.0	27.0
265.0	0.0	297.0	402.0	23.0	63.0	27.0
265.0	0.0	297.0	402.0	23.0	63.0	27.0
265.0	0.0	297.0	402.0	23.0	63.0	27.0
265.0	0.0	297.0	402.0	23.0	63.0	27.0
265.0	0.0	297.0	402.0	23.0	63.0	27.0
258.0	0.0	297.0	478.0	639.0	63.0	27.0
258.0	0.0	297.0	478.0	639.0	63.0	27.0
258.0	0.0	297.0	478.0	639.0	63.0	27.0
258.0	0.0	297.0	478.0	639.0	63.0	27.0
258.0	0.0	297.0	478.0	639.0	63.0	27.0
258.0	0.0	297.0	478.0	639.0	63.0	27.0
258.0	0.0	297.0	478.0	639.0	63.0	27.0
258.0	0.0	297.0	478.0	639.0	63.0	27.0
258.0	0.0	297.0	478.0	639.0	63.0	27.0
258.0	0.0	297.0	478.0	639.0	63.0	27.0
258.0	0.0	297.0	478.0	639.0	63.0	27.0
258.0	0.0	297.0	478.0	639.0	63.0	27.0
258.0	0.0	297.0	478.0	639.0	63.0	27.0
257.0	0.0	297.0	476.0	23.0	63.0	27.0
257.0	0.0	297.0	476.0	23.0	63.0	27.0
257.0	0.0	297.0	476.0	23.0	63.0	27.0
257.0	0.0	297.0	476.0	23.0	63.0	27.0
257.0	0.0	297.0	476.0	23.0	63.0	27.0
257.0	0.0	297.0	476.0	23.0	63.0	27.0
257.0	0.0	297.0	476.0	23.0	63.0	27.0
257.0	0.0	297.0	476.0	23.0	63.0	27.0
257.0	0.0	297.0	476.0	23.0	63.0	27.0
257.0	0.0	297.0	476.0	23.0	63.0	27.0
257.0	0.0	297.0	476.0	23.0	63.0	27.0
257.0	0.0	297.0	476.0	23.0	63.0	27.0
257.0	0.0	297.0	476.0	23.0	63.0	27.0
257.0	0.0	297.0	476.0	23.0	63.0	27.0
253.0	0.0	297.0	482.0	639.0	63.0	27.0
253.0	0.0	297.0	482.0	639.0	63.0	27.0
253.0	0.0	297.0	482.0	639.0	63.0	27.0
253.0	0.0	297.0	482.0	639.0	63.0	27.0
253.0	0.0	297.0	482.0	639.0	63.0	27.0
253.0	0.0	297.0	482.0	639.0	63.0	27.0
253.0	0.0	297.0	482.0	639.0	63.0	27.0
253.0	0.0	297.0	482.0	639.0	63.0	27.0
253.0	0.0	297.0	482.0	639.0	63.0	27.0
253.0	0.0	297.0	482.0	639.0	63.0	27.0
253.0	0.0	297.0	482.0	639.0	63.0	27.0
253.0	0.0	297.0	482.0	639.0	63.0	27.0
253.0	0.0	297.0	482.0	639.0	63.0	27.0
253.0	0.0	297.0	482.0	639.0	63.0	27.0
253.0	0.0	297.0	482.0	639.0	63.0	27.0
246.0	0.0	297.0	302.0	639.0	61.0	27.0
246.0	0.0	297.0	302.0	639.0	61.0	27.0
246.0	0.0	297.0	302.0	639.0	61.0	27.0
246.0	0.0	297.0	302.0	639.0	61.0	27.0
246.0	0.0	297.0	302.0	639.0	61.0	27.0
246.0	0.0	297.0	302.0	639.0	61.0	27.0
246.0	0.0	297.0	302.0	639.0	61.0	27.0
246.0	0.0	297.0	302.0	639.0	61.0	27.0
246.0	0.0	297.0	302.0	639.0	61.0	27.0
246.0	0.0	297.0	302.0	639.0	61.0	27.0
246.0	0.0	297.0	302.0	639.0	61.0	27.0
246.0	0.0	297.0	302.0	639.0	61.0	27.0
246.0	0.0	297.0	302.0	639.0	61.0	27.0
246.0	0.0	297.0	302.0	639.0	61.0	27.0
246.0	0.0	297.0	302.0	639.0	61.0	27.0
212.0	0.0	297.0	418.0	639.0	59.0	27.0
212.0	0.0	297.0	418.0	639.0	59.0	27.0
212.0	0.0	297.0	418.0	639.0	59.0	27.0
212.0	0.0	297.0	418.0	639.0	59.0	27.0
212.0	0.0	297.0	418.0	639.0	59.0	27.0
212.0	0.0	297.0	418.0	639.0	59.0	27.0
212.0	0.0	297.0	418.0	639.0	59.0	27.0
212.0	0.0	297.0	418.0	639.0	59.0	27.0
212.0	0.0	297.0	418.0	639.0	59.0	27.0
212.0	0.0	297.0	418.0	639.0	59.0	27.0
212.0	0.0	297.0	418.0	639.0	59.0	27.0
212.0	0.0	297.0	418.0	639.0	59.0	27.0
212.0	0.0	297.0	418.0	639.0	59.0	27.0
212.0	0.0	297.0	418.0	639.0	59.0	27.0
212.0	0.0	297.0	418.0	639.0	59.0	27.0
204.0	0.0	297.0	449.0	639.0	58.0	27.0
204.0	0.0	297.0	449.0	639.0	58.0	27.0
204.0	0.0	297.0	449.0	639.0	58.0	27.0
204.0	0.0	297.0	449.0	639.0	58.0	27.0
204.0	0.0	297.0	449.0	639.0	58.0	27.0
204.0	0.0	297.0	449.0	639.0	58.0	27.0
204.0	0.0	297.0	449.0	639.0	58.0	27.0
204.0	0.0	297.0	449.0	639.0	58.0	27.0
204.0	0.0	297.0	449.0	639.0	58.0	27.0
204.0	0.0	297.0	449.0	639.0	58.0	27.0
204.0	0.0	297.0	449.0	639.0	58.0	27.0
204.0	0.0	297.0	449.0	639.0	58.0	27.0
204.0	0.0	297.0	449.0	639.0	58.0	27.0
204.0	0.0	297.0	449.0	639.0	58.0	27.0
204.0	0.0	297.0	449.0	639.0	58.0	27.0
202.0	0.0	297.0	461.0	639.0	58.0	27.0
202.0	0.0	297.0	461.0	639.0	58.0	27.0
202.0	0.0	297.0	461.0	639.0	58.0	27.0
202.0	0.0	297.0	461.0	639.0	58.0	27.0
202.0	0.0	297.0	461.0	639.0	58.0	27.0
202.0	0.0	297.0	461.0	639.0	58.0	27.0
202.0	0.0	297.0	461.0	639.0	58.0	27.0
202.0	0.0	297.0	461.0	639.0	58.0	27.0
202.0	0.0	297.0	461.0	639.0	58.0	27.0
202.0	0.0	297.0	461.0	639.0	58.0	27.0
202.0	0.0	297.0	461.0	639.0	58.0	27.0
202.0	0.0	297.0	461.0	639.0	58.0	27.0
202.0	0.0	297.0	461.0	639.0	58.0	27.0
202.0	0.0	297.0	461.0	639.0	58.0	27.0
209.0	0.0	297.0	480.0	639.0	58.0	27.0
209.0	0.0	297.0	480.0	639.0	58.0	27.0
209.0	0.0	297.0	480.0	639.0	58.0	27.0
209.0	0.0	297.0	480.0	639.0	58.0	27.0
209.0	0.0	297.0	480.0	639.0	58.0	27.0
209.0	0.0	297.0	480.0	639.0	58.0	27.0
209.0	0.0	297.0	480.0	639.0	58.0	27.0
209.0	0.0	297.0	480.0	639.0	58.0	27.0
209.0	0.0	297.0	480.0	639.0	58.0	27.0
209.0	0.0	297.0	480.0	639.0	58.0	27.0
209.0	0.0	297.0	480.0	639.0	58.0	27.0
209.0	0.0	297.0	480.0	639.0	58.0	27.0
209.0	0.0	297.0	480.0	639.0	58.0	27.0
209.0	0.0	297.0	480.0	639.0	58.0	27.0
209.0	0.0	297.0	480.0	639.0	58.0	27.0
208.0	0.0	297.0	473.0	639.0	58.0	27.0
208.0	0.0	297.0	473.0	639.0	58.0	27.0
208.0	0.0	297.0	473.0	639.0	58.0	27.0
208.0	0.0	297.0	473.0	639.0	58.0	27.0
208.0	0.0	297.0	473.0	639.0	58.0	27.0
208.0	0.0	297.0	473.0	639.0	58.0	27.0
208.0	0.0	297.0	473.0	639.0	58.0	27.0
208.0	0.0	297.0	473.0	639.0	58.0	27.0
208.0	0.0	297.0	473.0	639.0	58.0	27.0
208.0	0.0	297.0	473.0	639.0	58.0	27.0
208.0	0.0	297.0	473.0	639.0	58.0	27.0
208.0	0.0	297.0	473.0	639.0	58.0	27.0
208.0	0.0	297.0	473.0	639.0	58.0	27.0
208.0	0.0	297.0	473.0	639.0	58.0	27.0
208.0	0.0	297.0	473.0	639.0	58.0	27.0
202.0	0.0	297.0	500.0	639.0	58.0	27.0
202.0	0.0	297.0	500.0	639.0	58.0	27.0
202.0	0.0	297.0	500.0	639.0	58.0	27.0
202.0	0.0	297.0	500.0	639.0	58.0	27.0
202.0	0.0	297.0	500.0	639.0	58.0	27.0
202.0	0.0	297.0	500.0	639.0	58.0	27.0
202.0	0.0	297.0	500.0	639.0	58.0	27.0
202.0	0.0	297.0	500.0	639.0	58.0	27.0
202.0	0.0	297.0	500.0	639.0	58.0	27.0
202.0	0.0	297.0	500.0	639.0	58.0	27.0
202.0	0.0	297.0	500.0	639.0	58.0	27.0
202.0	0.0	297.0	500.0	639.0	58.0	27.0
202.0	0.0	297.0	500.0	639.0	58.0	27.0
202.0	0.0	297.0	500.0	639.0	58.0	27.0
202.0	0.0	297.0	500.0	639.0	58.0	27.0
205.0	0.0	297.0	509.0	639.0	57.0	26.0
205.0	0.0	297.0	509.0	639.0	57.0	26.0
205.0	0.0	297.0	509.0	639.0	57.0	26.0
205.0	0.0	297.0	509.0	639.0	57.0	26.0
205.0	0.0	297.0	509.0	639.0	57.0	26.0
205.0	0.0	297.0	509.0	639.0	57.0	26.0
205.0	0.0	297.0	509.0	639.0	57.0	26.0
205.0	0.0	297.0	509.0	639.0	57.0	26.0
205.0	0.0	297.0	509.0	639.0	57.0	26.0
205.0	0.0	297.0	509.0	639.0	57.0	26.0
205.0	0.0	297.0	509.0	639.0	57.0	26.0
205.0	0.0	297.0	509.0	639.0	57.0	26.0
205.0	0.0	297.0	509.0	639.0	57.0	26.0
205.0	0.0	297.0	509.0	639.0	57.0	26.0
205.0	0.0	297.0	509.0	639.0	57.0	26.0
211.0	0.0	297.0	482.0	639.0	57.0	26.0
211.0	0.0	297.0	482.0	639.0	57.0	26.0
211.0	0.0	297.0	482.0	639.0	57.0	26.0
211.0	0.0	297.0	482.0	639.0	57.0	26.0
211.0	0.0	297.0	482.0	639.0	57.0	26.0
211.0	0.0	297.0	482.0	639.0	57.0	26.0
211.0	0.0	297.0	482.0	639.0	57.0	26.0
211.0	0.0	297.0	482.0	639.0	57.0	26.0
211.0	0.0	297.0	482.0	639.0	57.0	26.0
211.0	0.0	297.0	482.0	639.0	57.0	26.0
211.0	0.0	297.0	482.0	639.0	57.0	26.0
211.0	0.0	297.0	482.0	639.0	57.0	26.0
211.0	0.0	297.0	482.0	639.0	57.0	26.0
211.0	0.0	297.0	482.0	639.0	57.0	26.0
211.0	0.0	297.0	482.0	639.0	57.0	26.0
206.0	0.0	297.0	480.0	639.0	58.0	26.0
206.0	0.0	297.0	480.0	639.0	58.0	26.0
206.0	0.0	297.0	480.0	639.0	58.0	26.0
206.0	0.0	297.0	480.0	639.0	58.0	26.0
206.0	0.0	297.0	480.0	639.0	58.0	26.0
206.0	0.0	297.0	480.0	639.0	58.0	26.0
206.0	0.0	297.0	480.0	639.0	58.0	26.0
206.0	0.0	297.0	480.0	639.0	58.0	26.0
206.0	0.0	297.0	480.0	639.0	58.0	26.0
206.0	0.0	297.0	480.0	639.0	58.0	26.0
206.0	0.0	297.0	480.0	639.0	58.0	26.0
206.0	0.0	297.0	480.0	639.0	58.0	26.0
206.0	0.0	297.0	480.0	639.0	58.0	26.0
206.0	0.0	297.0	480.0	639.0	58.0	26.0
203.0	0.0	297.0	487.0	639.0	59.0	26.0
203.0	0.0	297.0	487.0	639.0	59.0	26.0
203.0	0.0	297.0	487.0	639.0	59.0	26.0
203.0	0.0	297.0	487.0	639.0	59.0	26.0
203.0	0.0	297.0	487.0	639.0	59.0	26.0
203.0	0.0	297.0	487.0	639.0	59.0	26.0
203.0	0.0	297.0	487.0	639.0	59.0	26.0
203.0	0.0	297.0	487.0	639.0	59.0	26.0
203.0	0.0	297.0	487.0	639.0	59.0	26.0
203.0	0.0	297.0	487.0	639.0	59.0	26.0
203.0	0.0	297.0	487.0	639.0	59.0	26.0
203.0	0.0	297.0	487.0	639.0	59.0	26.0
203.0	0.0	297.0	487.0	639.0	59.0	26.0
203.0	0.0	297.0	487.0	639.0	59.0	26.0
203.0	0.0	297.0	487.0	639.0	59.0	26.0
210.0	0.0	297.0	478.0	639.0	59.0	26.0
210.0	0.0	297.0	478.0	639.0	59.0	26.0
210.0	0.0	297.0	478.0	639.0	59.0	26.0
210.0	0.0	297.0	478.0	639.0	59.0	26.0
210.0	0.0	297.0	478.0	639.0	59.0	26.0
210.0	0.0	297.0	478.0	639.0	59.0	26.0
210.0	0.0	297.0	478.0	639.0	59.0	26.0
210.0	0.0	297.0	478.0	639.0	59.0	26.0
210.0	0.0	297.0	478.0	639.0	59.0	26.0
210.0	0.0	297.0	478.0	639.0	59.0	26.0
210.0	0.0	297.0	478.0	639.0	59.0	26.0
210.0	0.0	297.0	478.0	639.0	59.0	26.0
210.0	0.0	297.0	478.0	639.0	59.0	26.0
210.0	0.0	297.0	478.0	639.0	59.0	26.0
210.0	0.0	297.0	478.0	639.0	59.0	26.0
212.0	0.0	297.0	468.0	639.0	60.0	26.0
212.0	0.0	297.0	468.0	639.0	60.0	26.0
212.0	0.0	297.0	468.0	639.0	60.0	26.0
212.0	0.0	297.0	468.0	639.0	60.0	26.0
212.0	0.0	297.0	468.0	639.0	60.0	26.0
212.0	0.0	297.0	468.0	639.0	60.0	26.0
212.0	0.0	297.0	468.0	639.0	60.0	26.0
212.0	0.0	297.0	468.0	639.0	60.0	26.0
212.0	0.0	297.0	468.0	639.0	60.0	26.0
212.0	0.0	297.0	468.0	639.0	60.0	26.0
212.0	0.0	297.0	468.0	639.0	60.0	26.0
212.0	0.0	297.0	468.0	639.0	60.0	26.0
212.0	0.0	297.0	468.0	639.0	60.0	26.0
212.0	0.0	297.0	468.0	639.0	60.0	26.0
212.0	0.0	297.0	468.0	639.0	60.0	26.0
204.0	0.0	297.0	487.0	639.0	60.0	26.0
204.0	0.0	297.0	487.0	639.0	60.0	26.0
204.0	0.0	297.0	487.0	639.0	60.0	26.0
204.0	0.0	297.0	487.0	639.0	60.0	26.0
204.0	0.0	297.0	487.0	639.0	60.0	26.0
204.0	0.0	297.0	487.0	639.0	60.0	26.0
204.0	0.0	297.0	487.0	639.0	60.0	26.0
204.0	0.0	297.0	487.0	639.0	60.0	26.0
204.0	0.0	297.0	487.0	639.0	60.0	26.0
204.0	0.0	297.0	487.0	639.0	60.0	26.0
204.0	0.0	297.0	487.0	639.0	60.0	26.0
204.0	0.0	297.0	487.0	639.0	60.0	26.0
204.0	0.0	297.0	487.0	639.0	60.0	26.0
204.0	0.0	297.0	487.0	639.0	60.0	26.0
204.0	0.0	297.0	487.0	639.0	60.0	26.0
206.0	0.0	297.0	485.0	639.0	59.0	26.0
206.0	0.0	297.0	485.0	639.0	59.0	26.0
206.0	0.0	297.0	485.0	639.0	59.0	26.0
206.0	0.0	297.0	485.0	639.0	59.0	26.0
206.0	0.0	297.0	485.0	639.0	59.0	26.0
206.0	0.0	297.0	485.0	639.0	59.0	26.0
206.0	0.0	297.0	485.0	639.0	59.0	26.0
206.0	0.0	297.0	485.0	639.0	59.0	26.0
206.0	0.0	297.0	485.0	639.0	59.0	26.0
206.0	0.0	297.0	485.0	639.0	59.0	26.0
206.0	0.0	297.0	485.0	639.0	59.0	26.0
206.0	0.0	297.0	485.0	639.0	59.0	26.0
206.0	0.0	297.0	485.0	639.0	59.0	26.0
206.0	0.0	297.0	485.0	639.0	59.0	26.0
206.0	0.0	297.0	485.0	639.0	59.0	26.0
213.0	0.0	297.0	467.0	639.0	58.0	26.0
213.0	0.0	297.0	467.0	639.0	58.0	26.0
213.0	0.0	297.0	467.0	639.0	58.0	26.0
213.0	0.0	297.0	467.0	639.0	58.0	26.0
213.0	0.0	297.0	467.0	639.0	58.0	26.0
213.0	0.0	297.0	467.0	639.0	58.0	26.0
213.0	0.0	297.0	467.0	639.0	58.0	26.0
213.0	0.0	297.0	467.0	639.0	58.0	26.0
213.0	0.0	297.0	467.0	639.0	58.0	26.0
213.0	0.0	297.0	467.0	639.0	58.0	26.0
213.0	0.0	297.0	467.0	639.0	58.0	26.0
213.0	0.0	297.0	467.0	639.0	58.0	26.0
213.0	0.0	297.0	467.0	639.0	58.0	26.0
213.0	0.0	297.0	467.0	639.0	58.0	26.0
213.0	0.0	297.0	467.0	639.0	58.0	26.0
209.0	0.0	297.0	475.0	639.0	58.0	26.0
209.0	0.0	297.0	475.0	639.0	58.0	26.0
209.0	0.0	297.0	475.0	639.0	58.0	26.0
209.0	0.0	297.0	475.0	639.0	58.0	26.0
209.0	0.0	297.0	475.0	639.0	58.0	26.0
209.0	0.0	297.0	475.0	639.0	58.0	26.0
209.0	0.0	297.0	475.0	639.0	58.0	26.0
209.0	0.0	297.0	475.0	639.0	58.0	26.0
209.0	0.0	297.0	475.0	639.0	58.0	26.0
209.0	0.0	297.0	475.0	639.0	58.0	26.0
209.0	0.0	297.0	475.0	639.0	58.0	26.0
209.0	0.0	297.0	475.0	639.0	58.0	26.0
209.0	0.0	297.0	475.0	639.0	58.0	26.0
209.0	0.0	297.0	475.0	639.0	58.0	26.0
205.0	0.0	297.0	482.0	639.0	57.0	26.0
205.0	0.0	297.0	482.0	639.0	57.0	26.0
205.0	0.0	297.0	482.0	639.0	57.0	26.0
205.0	0.0	297.0	482.0	639.0	57.0	26.0
205.0	0.0	297.0	482.0	639.0	57.0	26.0
205.0	0.0	297.0	482.0	639.0	57.0	26.0
205.0	0.0	297.0	482.0	639.0	57.0	26.0
205.0	0.0	297.0	482.0	639.0	57.0	26.0
205.0	0.0	297.0	482.0	639.0	57.0	26.0
205.0	0.0	297.0	482.0	639.0	57.0	26.0
205.0	0.0	297.0	482.0	639.0	57.0	26.0
205.0	0.0	297.0	482.0	639.0	57.0	26.0
205.0	0.0	297.0	482.0	639.0	57.0	26.0
205.0	0.0	297.0	482.0	639.0	57.0	26.0
205.0	0.0	297.0	482.0	639.0	57.0	26.0
204.0	0.0	297.0	489.0	639.0	56.0	26.0
204.0	0.0	297.0	489.0	639.0	56.0	26.0
204.0	0.0	297.0	489.0	639.0	56.0	26.0
204.0	0.0	297.0	489.0	639.0	56.0	26.0
204.0	0.0	297.0	489.0	639.0	56.0	26.0
204.0	0.0	297.0	489.0	639.0	56.0	26.0
204.0	0.0	297.0	489.0	639.0	56.0	26.0
204.0	0.0	297.0	489.0	639.0	56.0	26.0
204.0	0.0	297.0	489.0	639.0	56.0	26.0
204.0	0.0	297.0	489.0	639.0	56.0	26.0
204.0	0.0	297.0	489.0	639.0	56.0	26.0
204.0	0.0	297.0	489.0	639.0	56.0	26.0
204.0	0.0	297.0	489.0	639.0	56.0	26.0
204.0	0.0	297.0	489.0	639.0	56.0	26.0
204.0	0.0	297.0	489.0	639.0	56.0	26.0
211.0	0.0	297.0	474.0	639.0	54.0	26.0
211.0	0.0	297.0	474.0	639.0	54.0	26.0
211.0	0.0	297.0	474.0	639.0	54.0	26.0
211.0	0.0	297.0	474.0	639.0	54.0	26.0
211.0	0.0	297.0	474.0	639.0	54.0	26.0
211.0	0.0	297.0	474.0	639.0	54.0	26.0
211.0	0.0	297.0	474.0	639.0	54.0	26.0
211.0	0.0	297.0	474.0	639.0	54.0	26.0
211.0	0.0	297.0	474.0	639.0	54.0	26.0
211.0	0.0	297.0	474.0	639.0	54.0	26.0
211.0	0.0	297.0	474.0	639.0	54.0	26.0
211.0	0.0	297.0	474.0	639.0	54.0	26.0
211.0	0.0	297.0	474.0	639.0	54.0	26.0
211.0	0.0	297.0	474.0	639.0	54.0	26.0
211.0	0.0	297.0	474.0	639.0	54.0	26.0
210.0	0.0	297.0	475.0	639.0	53.0	26.0
210.0	0.0	297.0	475.0	639.0	53.0	26.0
210.0	0.0	297.0	475.0	639.0	53.0	26.0
210.0	0.0	297.0	475.0	639.0	53.0	26.0
210.0	0.0	297.0	475.0	639.0	53.0	26.0
210.0	0.0	297.0	475.0	639.0	53.0	26.0
210.0	0.0	297.0	475.0	639.0	53.0	26.0
210.0	0.0	297.0	475.0	639.0	53.0	26.0
210.0	0.0	297.0	475.0	639.0	53.0	26.0
210.0	0.0	297.0	475.0	639.0	53.0	26.0
210.0	0.0	297.0	475.0	639.0	53.0	26.0
210.0	0.0	297.0	475.0	639.0	53.0	26.0
210.0	0.0	297.0	475.0	639.0	53.0	26.0
210.0	0.0	297.0	475.0	639.0	53.0	26.0
210.0	0.0	297.0	475.0	639.0	53.0	26.0
202.0	0.0	297.0	463.0	639.0	52.0	26.0
202.0	0.0	297.0	463.0	639.0	52.0	26.0
202.0	0.0	297.0	463.0	639.0	52.0	26.0
202.0	0.0	297.0	463.0	639.0	52.0	26.0
202.0	0.0	297.0	463.0	639.0	52.0	26.0
202.0	0.0	297.0	463.0	639.0	52.0	26.0
202.0	0.0	297.0	463.0	639.0	52.0	26.0
202.0	0.0	297.0	463.0	639.0	52.0	26.0
202.0	0.0	297.0	463.0	639.0	52.0	26.0
202.0	0.0	297.0	463.0	639.0	52.0	26.0
202.0	0.0	297.0	463.0	639.0	52.0	26.0
202.0	0.0	297.0	463.0	639.0	52.0	26.0
202.0	0.0	297.0	463.0	639.0	52.0	26.0
202.0	0.0	297.0	463.0	639.0	52.0	26.0
202.0	0.0	297.0	463.0	639.0	52.0	26.0
205.0	0.0	297.0	451.0	639.0	51.0	26.0
205.0	0.0	297.0	451.0	639.0	51.0	26.0
205.0	0.0	297.0	451.0	639.0	51.0	26.0
205.0	0.0	297.0	451.0	639.0	51.0	26.0
205.0	0.0	297.0	451.0	639.0	51.0	26.0
205.0	0.0	297.0	451.0	639.0	51.0	26.0
205.0	0.0	297.0	451.0	639.0	51.0	26.0
205.0	0.0	297.0	451.0	639.0	51.0	26.0
205.0	0.0	297.0	451.0	639.0	51.0	26.0
205.0	0.0	297.0	451.0	639.0	51.0	26.0
205.0	0.0	297.0	451.0	639.0	51.0	26.0
205.0	0.0	297.0	451.0	639.0	51.0	26.0
205.0	0.0	297.0	451.0	639.0	51.0	26.0
205.0	0.0	297.0	451.0	639.0	51.0	26.0
210.0	0.0	297.0	470.0	639.0	51.0	26.0
210.0	0.0	297.0	470.0	639.0	51.0	26.0
210.0	0.0	297.0	470.0	639.0	51.0	26.0
210.0	0.0	297.0	470.0	639.0	51.0	26.0
210.0	0.0	297.0	470.0	639.0	51.0	26.0
210.0	0.0	297.0	470.0	639.0	51.0	26.0
210.0	0.0	297.0	470.0	639.0	51.0	26.0
210.0	0.0	297.0	470.0	639.0	51.0	26.0
210.0	0.0	297.0	470.0	639.0	51.0	26.0
210.0	0.0	297.0	470.0	639.0	51.0	26.0
210.0	0.0	297.0	470.0	639.0	51.0	26.0
210.0	0.0	297.0	470.0	639.0	51.0	26.0
210.0	0.0	297.0	470.0	639.0	51.0	26.0
210.0	0.0	297.0	470.0	639.0	51.0	26.0
210.0	0.0	297.0	470.0	639.0	51.0	26.0
203.0	0.0	297.0	480.0	639.0	52.0	26.0
203.0	0.0	297.0	480.0	639.0	52.0	26.0
203.0	0.0	297.0	480.0	639.0	52.0	26.0
203.0	0.0	297.0	480.0	639.0	52.0	26.0
203.0	0.0	297.0	480.0	639.0	52.0	26.0
203.0	0.0	297.0	480.0	639.0	52.0	26.0
203.0	0.0	297.0	480.0	639.0	52.0	26.0
203.0	0.0	297.0	480.0	639.0	52.0	26.0
203.0	0.0	297.0	480.0	639.0	52.0	26.0
203.0	0.0	297.0	480.0	639.0	52.0	26.0
203.0	0.0	297.0	480.0	639.0	52.0	26.0
203.0	0.0	297.0	480.0	639.0	52.0	26.0
203.0	0.0	297.0	480.0	639.0	52.0	26.0
203.0	0.0	297.0	480.0	639.0	52.0	26.0
203.0	0.0	297.0	480.0	639.0	52.0	26.0
201.0	0.0	297.0	480.0	639.0	52.0	26.0
201.0	0.0	297.0	480.0	639.0	52.0	26.0
201.0	0.0	297.0	480.0	639.0	52.0	26.0
201.0	0.0	297.0	480.0	639.0	52.0	26.0
201.0	0.0	297.0	480.0	639.0	52.0	26.0
201.0	0.0	297.0	480.0	639.0	52.0	26.0
201.0	0.0	297.0	480.0	639.0	52.0	26.0
201.0	0.0	297.0	480.0	639.0	52.0	26.0
201.0	0.0	297.0	480.0	639.0	52.0	26.0
201.0	0.0	297.0	480.0	639.0	52.0	26.0
201.0	0.0	297.0	480.0	639.0	52.0	26.0
201.0	0.0	297.0	480.0	639.0	52.0	26.0
201.0	0.0	297.0	480.0	639.0	52.0	26.0
201.0	0.0	297.0	480.0	639.0	52.0	26.0
201.0	0.0	297.0	480.0	639.0	52.0	26.0
208.0	0.0	297.0	471.0	639.0	53.0	26.0
208.0	0.0	297.0	471.0	639.0	53.0	26.0
208.0	0.0	297.0	471.0	639.0	53.0	26.0
208.0	0.0	297.0	471.0	639.0	53.0	26.0
208.0	0.0	297.0	471.0	639.0	53.0	26.0
208.0	0.0	297.0	471.0	639.0	53.0	26.0
208.0	0.0	297.0	471.0	639.0	53.0	26.0
208.0	0.0	297.0	471.0	639.0	53.0	26.0
208.0	0.0	297.0	471.0	639.0	53.0	26.0
208.0	0.0	297.0	471.0	639.0	53.0	26.0
208.0	0.0	297.0	471.0	639.0	53.0	26.0
208.0	0.0	297.0	471.0	639.0	53.0	26.0
208.0	0.0	297.0	471.0	639.0	53.0	26.0
208.0	0.0	297.0	471.0	639.0	53.0	26.0
207.0	0.0	297.0	481.0	639.0	53.0	26.0
207.0	0.0	297.0	481.0	639.0	53.0	26.0
207.0	0.0	297.0	481.0	639.0	53.0	26.0
207.0	0.0	297.0	481.0	639.0	53.0	26.0
207.0	0.0	297.0	481.0	639.0	53.0	26.0
207.0	0.0	297.0	481.0	639.0	53.0	26.0
207.0	0.0	297.0	481.0	639.0	53.0	26.0
207.0	0.0	297.0	481.0	639.0	53.0	26.0
207.0	0.0	297.0	481.0	639.0	53.0	26.0
207.0	0.0	297.0	481.0	639.0	53.0	26.0
207.0	0.0	297.0	481.0	639.0	53.0	26.0
207.0	0.0	297.0	481.0	639.0	53.0	26.0
207.0	0.0	297.0	481.0	639.0	53.0	26.0
207.0	0.0	297.0	481.0	639.0	53.0	26.0
207.0	0.0	297.0	481.0	639.0	53.0	26.0
201.0	0.0	297.0	480.0	639.0	53.0	26.0
201.0	0.0	297.0	480.0	639.0	53.0	26.0
201.0	0.0	297.0	480.0	639.0	53.0	26.0
201.0	0.0	297.0	480.0	639.0	53.0	26.0
201.0	0.0	297.0	480.0	639.0	53.0	26.0
201.0	0.0	297.0	480.0	639.0	53.0	26.0
201.0	0.0	297.0	480.0	639.0	53.0	26.0
201.0	0.0	297.0	480.0	639.0	53.0	26.0
201.0	0.0	297.0	480.0	639.0	53.0	26.0
201.0	0.0	297.0	480.0	639.0	53.0	26.0
201.0	0.0	297.0	480.0	639.0	53.0	26.0
201.0	0.0	297.0	480.0	639.0	53.0	26.0
201.0	0.0	297.0	480.0	639.0	53.0	26.0
201.0	0.0	297.0	480.0	639.0	53.0	26.0
201.0	0.0	297.0	480.0	639.0	53.0	26.0
204.0	0.0	297.0	491.0	639.0	53.0	26.0
204.0	0.0	297.0	491.0	639.0	53.0	26.0
204.0	0.0	297.0	491.0	639.0	53.0	26.0
204.0	0.0	297.0	491.0	639.0	53.0	26.0
204.0	0.0	297.0	491.0	639.0	53.0	26.0
204.0	0.0	297.0	491.0	639.0	53.0	26.0
204.0	0.0	297.0	491.0	639.0	53.0	26.0
204.0	0.0	297.0	491.0	639.0	53.0	26.0
204.0	0.0	297.0	491.0	639.0	53.0	26.0
204.0	0.0	297.0	491.0	639.0	53.0	26.0
204.0	0.0	297.0	491.0	639.0	53.0	26.0
204.0	0.0	297.0	491.0	639.0	53.0	26.0
204.0	0.0	297.0	491.0	639.0	53.0	26.0
204.0	0.0	297.0	491.0	639.0	53.0	26.0
204.0	0.0	297.0	491.0	639.0	53.0	26.0
209.0	0.0	297.0	481.0	639.0	53.0	26.0
209.0	0.0	297.0	481.0	639.0	53.0	26.0
209.0	0.0	297.0	481.0	639.0	53.0	26.0
209.0	0.0	297.0	481.0	639.0	53.0	26.0
209.0	0.0	297.0	481.0	639.0	53.0	26.0
209.0	0.0	297.0	481.0	639.0	53.0	26.0
209.0	0.0	297.0	481.0	639.0	53.0	26.0
209.0	0.0	297.0	481.0	639.0	53.0	26.0
209.0	0.0	297.0	481.0	639.0	53.0	26.0
209.0	0.0	297.0	481.0	639.0	53.0	26.0
209.0	0.0	297.0	481.0	639.0	53.0	26.0
209.0	0.0	297.0	481.0	639.0	53.0	26.0
209.0	0.0	297.0	481.0	639.0	53.0	26.0
209.0	0.0	297.0	481.0	639.0	53.0	26.0
209.0	0.0	297.0	481.0	639.0	53.0	26.0
204.0	0.0	297.0	482.0	639.0	52.0	26.0
204.0	0.0	297.0	482.0	639.0	52.0	26.0
204.0	0.0	297.0	482.0	639.0	52.0	26.0
204.0	0.0	297.0	482.0	639.0	52.0	26.0
204.0	0.0	297.0	482.0	639.0	52.0	26.0
204.0	0.0	297.0	482.0	639.0	52.0	26.0
204.0	0.0	297.0	482.0	639.0	52.0	26.0
204.0	0.0	297.0	482.0	639.0	52.0	26.0
204.0	0.0	297.0	482.0	639.0	52.0	26.0
204.0	0.0	297.0	482.0	639.0	52.0	26.0
204.0	0.0	297.0	482.0	639.0	52.0	26.0
204.0	0.0	297.0	482.0	639.0	52.0	26.0
204.0	0.0	297.0	482.0	639.0	52.0	26.0
204.0	0.0	297.0	482.0	639.0	52.0	26.0
204.0	0.0	297.0	482.0	639.0	52.0	26.0
201.0	0.0	297.0	488.0	639.0	51.0	26.0
201.0	0.0	297.0	488.0	639.0	51.0	26.0
201.0	0.0	297.0	488.0	639.0	51.0	26.0
201.0	0.0	297.0	488.0	639.0	51.0	26.0
201.0	0.0	297.0	488.0	639.0	51.0	26.0
201.0	0.0	297.0	488.0	639.0	51.0	26.0
201.0	0.0	297.0	488.0	639.0	51.0	26.0
201.0	0.0	297.0	488.0	639.0	51.0	26.0
201.0	0.0	297.0	488.0	639.0	51.0	26.0
201.0	0.0	297.0	488.0	639.0	51.0	26.0
201.0	0.0	297.0	488.0	639.0	51.0	26.0
201.0	0.0	297.0	488.0	639.0	51.0	26.0
201.0	0.0	297.0	488.0	639.0	51.0	26.0
201.0	0.0	297.0	488.0	639.0	51.0	26.0
201.0	0.0	297.0	488.0	639.0	51.0	26.0
208.0	0.0	297.0	476.0	639.0	51.0	26.0
208.0	0.0	297.0	476.0	639.0	51.0	26.0
208.0	0.0	297.0	476.0	639.0	51.0	26.0
208.0	0.0	297.0	476.0	639.0	51.0	26.0
208.0	0.0	297.0	476.0	639.0	51.0	26.0
208.0	0.0	297.0	476.0	639.0	51.0	26.0
208.0	0.0	297.0	476.0	639.0	51.0	26.0
208.0	0.0	297.0	476.0	639.0	51.0	26.0
208.0	0.0	297.0	476.0	639.0	51.0	26.0
208.0	0.0	297.0	476.0	639.0	51.0	26.0
208.0	0.0	297.0	476.0	639.0	51.0	26.0
208.0	0.0	297.0	476.0	639.0	51.0	26.0
208.0	0.0	297.0	476.0	639.0	51.0	26.0
208.0	0.0	297.0	476.0	639.0	51.0	26.0
208.0	0.0	297.0	476.0	639.0	51.0	26.0
209.0	0.0	297.0	476.0	639.0	50.0	26.0
209.0	0.0	297.0	476.0	639.0	50.0	26.0
209.0	0.0	297.0	476.0	639.0	50.0	26.0
209.0	0.0	297.0	476.0	639.0	50.0	26.0
209.0	0.0	297.0	476.0	639.0	50.0	26.0
209.0	0.0	297.0	476.0	639.0	50.0	26.0
209.0	0.0	297.0	476.0	639.0	50.0	26.0
209.0	0.0	297.0	476.0	639.0	50.0	26.0
209.0	0.0	297.0	476.0	639.0	50.0	26.0
209.0	0.0	297.0	476.0	639.0	50.0	26.0
209.0	0.0	297.0	476.0	639.0	50.0	26.0
209.0	0.0	297.0	476.0	639.0	50.0	26.0
209.0	0.0	297.0	476.0	639.0	50.0	26.0
209.0	0.0	297.0	476.0	639.0	50.0	26.0
202.0	0.0	297.0	479.0	639.0	49.0	26.0
202.0	0.0	297.0	479.0	639.0	49.0	26.0
202.0	0.0	297.0	479.0	639.0	49.0	26.0
202.0	0.0	297.0	479.0	639.0	49.0	26.0
202.0	0.0	297.0	479.0	639.0	49.0	26.0
202.0	0.0	297.0	479.0	639.0	49.0	26.0
202.0	0.0	297.0	479.0	639.0	49.0	26.0
202.0	0.0	297.0	479.0	639.0	49.0	26.0
202.0	0.0	297.0	479.0	639.0	49.0	26.0
202.0	0.0	297.0	479.0	639.0	49.0	26.0
202.0	0.0	297.0	479.0	639.0	49.0	26.0
202.0	0.0	297.0	479.0	639.0	49.0	26.0
202.0	0.0	297.0	479.0	639.0	49.0	26.0
202.0	0.0	297.0	479.0	639.0	49.0	26.0
202.0	0.0	297.0	479.0	639.0	49.0	26.0
203.0	0.0	297.0	482.0	639.0	49.0	26.0
203.0	0.0	297.0	482.0	639.0	49.0	26.0
203.0	0.0	297.0	482.0	639.0	49.0	26.0
203.0	0.0	297.0	482.0	639.0	49.0	26.0
203.0	0.0	297.0	482.0	639.0	49.0	26.0
203.0	0.0	297.0	482.0	639.0	49.0	26.0
203.0	0.0	297.0	482.0	639.0	49.0	26.0
203.0	0.0	297.0	482.0	639.0	49.0	26.0
203.0	0.0	297.0	482.0	639.0	49.0	26.0
203.0	0.0	297.0	482.0	639.0	49.0	26.0
203.0	0.0	297.0	482.0	639.0	49.0	26.0
203.0	0.0	297.0	482.0	639.0	49.0	26.0
203.0	0.0	297.0	482.0	639.0	49.0	26.0
203.0	0.0	297.0	482.0	639.0	49.0	26.0
203.0	0.0	297.0	482.0	639.0	49.0	26.0
210.0	0.0	297.0	478.0	639.0	48.0	26.0
210.0	0.0	297.0	478.0	639.0	48.0	26.0
210.0	0.0	297.0	478.0	639.0	48.0	26.0
210.0	0.0	297.0	478.0	639.0	48.0	26.0
210.0	0.0	297.0	478.0	639.0	48.0	26.0
210.0	0.0	297.0	478.0	639.0	48.0	26.0
210.0	0.0	297.0	478.0	639.0	48.0	26.0
210.0	0.0	297.0	478.0	639.0	48.0	26.0
210.0	0.0	297.0	478.0	639.0	48.0	26.0
210.0	0.0	297.0	478.0	639.0	48.0	26.0
210.0	0.0	297.0	478.0	639.0	48.0	26.0
210.0	0.0	297.0	478.0	639.0	48.0	26.0
210.0	0.0	297.0	478.0	639.0	48.0	26.0
210.0	0.0	297.0	478.0	639.0	48.0	26.0
210.0	0.0	297.0	478.0	639.0	48.0	26.0
205.0	0.0	297.0	476.0	639.0	47.0	26.0
205.0	0.0	297.0	476.0	639.0	47.0	26.0
205.0	0.0	297.0	476.0	639.0	47.0	26.0
205.0	0.0	297.0	476.0	639.0	47.0	26.0
205.0	0.0	297.0	476.0	639.0	47.0	26.0
205.0	0.0	297.0	476.0	639.0	47.0	26.0
205.0	0.0	297.0	476.0	639.0	47.0	26.0
205.0	0.0	297.0	476.0	639.0	47.0	26.0
205.0	0.0	297.0	476.0	639.0	47.0	26.0
205.0	0.0	297.0	476.0	639.0	47.0	26.0
205.0	0.0	297.0	476.0	639.0	47.0	26.0
205.0	0.0	297.0	476.0	639.0	47.0	26.0
205.0	0.0	297.0	476.0	639.0	47.0	26.0
205.0	0.0	297.0	476.0	639.0	47.0	26.0
205.0	0.0	297.0	476.0	639.0	47.0	26.0
201.0	0.0	297.0	482.0	639.0	47.0	26.0
201.0	0.0	297.0	482.0	639.0	47.0	26.0
201.0	0.0	297.0	482.0	639.0	47.0	26.0
201.0	0.0	297.0	482.0	639.0	47.0	26.0
201.0	0.0	297.0	482.0	639.0	47.0	26.0
201.0	0.0	297.0	482.0	639.0	47.0	26.0
201.0	0.0	297.0	482.0	639.0	47.0	26.0
201.0	0.0	297.0	482.0	639.0	47.0	26.0
201.0	0.0	297.0	482.0	639.0	47.0	26.0
201.0	0.0	297.0	482.0	639.0	47.0	26.0
201.0	0.0	297.0	482.0	639.0	47.0	26.0
201.0	0.0	297.0	482.0	639.0	47.0	26.0
201.0	0.0	297.0	482.0	639.0	47.0	26.0
201.0	0.0	297.0	482.0	639.0	47.0	26.0
208.0	0.0	297.0	477.0	639.0	47.0	26.0
208.0	0.0	297.0	477.0	639.0	47.0	26.0
208.0	0.0	297.0	477.0	639.0	47.0	26.0
208.0	0.0	297.0	477.0	639.0	47.0	26.0
208.0	0.0	297.0	477.0	639.0	47.0	26.0
208.0	0.0	297.0	477.0	639.0	47.0	26.0
208.0	0.0	297.0	477.0	639.0	47.0	26.0
208.0	0.0	297.0	477.0	639.0	47.0	26.0
208.0	0.0	297.0	477.0	639.0	47.0	26.0
208.0	0.0	297.0	477.0	639.0	47.0	26.0
208.0	0.0	297.0	477.0	639.0	47.0	26.0
208.0	0.0	297.0	477.0	639.0	47.0	26.0
208.0	0.0	297.0	477.0	639.0	47.0	26.0
208.0	0.0	297.0	477.0	639.0	47.0	26.0
208.0	0.0	297.0	477.0	639.0	47.0	26.0
208.0	0.0	297.0	484.0	639.0	46.0	26.0
208.0	0.0	297.0	484.0	639.0	46.0	26.0
208.0	0.0	297.0	484.0	639.0	46.0	26.0
208.0	0.0	297.0	484.0	639.0	46.0	26.0
208.0	0.0	297.0	484.0	639.0	46.0	26.0
208.0	0.0	297.0	484.0	639.0	46.0	26.0
208.0	0.0	297.0	484.0	639.0	46.0	26.0
208.0	0.0	297.0	484.0	639.0	46.0	26.0
208.0	0.0	297.0	484.0	639.0	46.0	26.0
208.0	0.0	297.0	484.0	639.0	46.0	26.0
208.0	0.0	297.0	484.0	639.0	46.0	26.0
208.0	0.0	297.0	484.0	639.0	46.0	26.0
208.0	0.0	297.0	484.0	639.0	46.0	26.0
208.0	0.0	297.0	484.0	639.0	46.0	26.0
208.0	0.0	297.0	484.0	639.0	46.0	26.0
202.0	0.0	297.0	479.0	639.0	46.0	26.0
202.0	0.0	297.0	479.0	639.0	46.0	26.0
202.0	0.0	297.0	479.0	639.0	46.0	26.0
202.0	0.0	297.0	479.0	639.0	46.0	26.0
202.0	0.0	297.0	479.0	639.0	46.0	26.0
202.0	0.0	297.0	479.0	639.0	46.0	26.0
202.0	0.0	297.0	479.0	639.0	46.0	26.0
202.0	0.0	297.0	479.0	639.0	46.0	26.0
202.0	0.0	297.0	479.0	639.0	46.0	26.0
202.0	0.0	297.0	479.0	639.0	46.0	26.0
202.0	0.0	297.0	479.0	639.0	46.0	26.0
202.0	0.0	297.0	479.0	639.0	46.0	26.0
202.0	0.0	297.0	479.0	639.0	46.0	26.0
202.0	0.0	297.0	479.0	639.0	46.0	26.0
202.0	0.0	297.0	479.0	639.0	46.0	26.0
204.0	0.0	297.0	474.0	639.0	45.0	26.0
204.0	0.0	297.0	474.0	639.0	45.0	26.0
204.0	0.0	297.0	474.0	639.0	45.0	26.0
204.0	0.0	297.0	474.0	639.0	45.0	26.0
204.0	0.0	297.0	474.0	639.0	45.0	26.0
204.0	0.0	297.0	474.0	639.0	45.0	26.0
204.0	0.0	297.0	474.0	639.0	45.0	26.0
204.0	0.0	297.0	474.0	639.0	45.0	26.0
204.0	0.0	297.0	474.0	639.0	45.0	26.0
204.0	0.0	297.0	474.0	639.0	45.0	26.0
204.0	0.0	297.0	474.0	639.0	45.0	26.0
204.0	0.0	297.0	474.0	639.0	45.0	26.0
204.0	0.0	297.0	474.0	639.0	45.0	26.0
204.0	0.0	297.0	474.0	639.0	45.0	26.0
204.0	0.0	297.0	474.0	639.0	45.0	26.0
209.0	0.0	297.0	483.0	639.0	46.0	26.0
209.0	0.0	297.0	483.0	639.0	46.0	26.0
209.0	0.0	297.0	483.0	639.0	46.0	26.0
209.0	0.0	297.0	483.0	639.0	46.0	26.0
209.0	0.0	297.0	483.0	639.0	46.0	26.0
209.0	0.0	297.0	483.0	639.0	46.0	26.0
209.0	0.0	297.0	483.0	639.0	46.0	26.0
209.0	0.0	297.0	483.0	639.0	46.0	26.0
209.0	0.0	297.0	483.0	639.0	46.0	26.0
209.0	0.0	297.0	483.0	639.0	46.0	26.0
209.0	0.0	297.0	483.0	639.0	46.0	26.0
209.0	0.0	297.0	483.0	639.0	46.0	26.0
209.0	0.0	297.0	483.0	639.0	46.0	26.0
209.0	0.0	297.0	483.0	639.0	46.0	26.0
209.0	0.0	297.0	483.0	639.0	46.0	26.0
205.0	0.0	297.0	471.0	639.0	45.0	26.0
205.0	0.0	297.0	471.0	639.0	45.0	26.0
205.0	0.0	297.0	471.0	639.0	45.0	26.0
205.0	0.0	297.0	471.0	639.0	45.0	26.0
205.0	0.0	297.0	471.0	639.0	45.0	26.0
205.0	0.0	297.0	471.0	639.0	45.0	26.0
205.0	0.0	297.0	471.0	639.0	45.0	26.0
205.0	0.0	297.0	471.0	639.0	45.0	26.0
205.0	0.0	297.0	471.0	639.0	45.0	26.0
205.0	0.0	297.0	471.0	639.0	45.0	26.0
205.0	0.0	297.0	471.0	639.0	45.0	26.0
205.0	0.0	297.0	471.0	639.0	45.0	26.0
205.0	0.0	297.0	471.0	639.0	45.0	26.0
205.0	0.0	297.0	471.0	639.0	45.0	26.0
201.0	0.0	297.0	485.0	639.0	44.0	26.0
201.0	0.0	297.0	485.0	639.0	44.0	26.0
201.0	0.0	297.0	485.0	639.0	44.0	26.0
201.0	0.0	297.0	485.0	639.0	44.0	26.0
201.0	0.0	297.0	485.0	639.0	44.0	26.0
201.0	0.0	297.0	485.0	639.0	44.0	26.0
201.0	0.0	297.0	485.0	639.0	44.0	26.0
201.0	0.0	297.0	485.0	639.0	44.0	26.0
201.0	0.0	297.0	485.0	639.0	44.0	26.0
201.0	0.0	297.0	485.0	639.0	44.0	26.0
201.0	0.0	297.0	485.0	639.0	44.0	26.0
201.0	0.0	297.0	485.0	639.0	44.0	26.0
201.0	0.0	297.0	485.0	639.0	44.0	26.0
201.0	0.0	297.0	485.0	639.0	44.0	26.0
201.0	0.0	297.0	485.0	639.0	44.0	26.0
207.0	0.0	297.0	480.0	639.0	43.0	26.0
207.0	0.0	297.0	480.0	639.0	43.0	26.0
207.0	0.0	297.0	480.0	639.0	43.0	26.0
207.0	0.0	297.0	480.0	639.0	43.0	26.0
207.0	0.0	297.0	480.0	639.0	43.0	26.0
207.0	0.0	297.0	480.0	639.0	43.0	26.0
207.0	0.0	297.0	480.0	639.0	43.0	26.0
207.0	0.0	297.0	480.0	639.0	43.0	26.0
207.0	0.0	297.0	480.0	639.0	43.0	26.0
207.0	0.0	297.0	480.0	639.0	43.0	26.0
207.0	0.0	297.0	480.0	639.0	43.0	26.0
207.0	0.0	297.0	480.0	639.0	43.0	26.0
207.0	0.0	297.0	480.0	639.0	43.0	26.0
207.0	0.0	297.0	480.0	639.0	43.0	26.0
207.0	0.0	297.0	480.0	639.0	43.0	26.0
209.0	0.0	297.0	472.0	639.0	43.0	26.0
209.0	0.0	297.0	472.0	639.0	43.0	26.0
209.0	0.0	297.0	472.0	639.0	43.0	26.0
209.0	0.0	297.0	472.0	639.0	43.0	26.0
209.0	0.0	297.0	472.0	639.0	43.0	26.0
209.0	0.0	297.0	472.0	639.0	43.0	26.0
209.0	0.0	297.0	472.0	639.0	43.0	26.0
209.0	0.0	297.0	472.0	639.0	43.0	26.0
209.0	0.0	297.0	472.0	639.0	43.0	26.0
209.0	0.0	297.0	472.0	639.0	43.0	26.0
209.0	0.0	297.0	472.0	639.0	43.0	26.0
209.0	0.0	297.0	472.0	639.0	43.0	26.0
209.0	0.0	297.0	472.0	639.0	43.0	26.0
209.0	0.0	297.0	472.0	639.0	43.0	26.0
209.0	0.0	297.0	472.0	639.0	43.0	26.0
202.0	0.0	297.0	482.0	639.0	43.0	26.0
202.0	0.0	297.0	482.0	639.0	43.0	26.0
202.0	0.0	297.0	482.0	639.0	43.0	26.0
202.0	0.0	297.0	482.0	639.0	43.0	26.0
202.0	0.0	297.0	482.0	639.0	43.0	26.0
202.0	0.0	297.0	482.0	639.0	43.0	26.0
202.0	0.0	297.0	482.0	639.0	43.0	26.0
202.0	0.0	297.0	482.0	639.0	43.0	26.0
202.0	0.0	297.0	482.0	639.0	43.0	26.0
202.0	0.0	297.0	482.0	639.0	43.0	26.0
202.0	0.0	297.0	482.0	639.0	43.0	26.0
202.0	0.0	297.0	482.0	639.0	43.0	26.0
202.0	0.0	297.0	482.0	639.0	43.0	26.0
202.0	0.0	297.0	482.0	639.0	43.0	26.0
202.0	0.0	297.0	482.0	639.0	43.0	26.0
201.0	0.0	297.0	486.0	639.0	42.0	26.0
201.0	0.0	297.0	486.0	639.0	42.0	26.0
201.0	0.0	297.0	486.0	639.0	42.0	26.0
201.0	0.0	297.0	486.0	639.0	42.0	26.0
201.0	0.0	297.0	486.0	639.0	42.0	26.0
201.0	0.0	297.0	486.0	639.0	42.0	26.0
201.0	0.0	297.0	486.0	639.0	42.0	26.0
201.0	0.0	297.0	486.0	639.0	42.0	26.0
201.0	0.0	297.0	486.0	639.0	42.0	26.0
201.0	0.0	297.0	486.0	639.0	42.0	26.0
201.0	0.0	297.0	486.0	639.0	42.0	26.0
201.0	0.0	297.0	486.0	639.0	42.0	26.0
201.0	0.0	297.0	486.0	639.0	42.0	26.0
201.0	0.0	297.0	486.0	639.0	42.0	26.0
201.0	0.0	297.0	486.0	639.0	42.0	26.0
208.0	0.0	297.0	497.0	639.0	42.0	26.0
208.0	0.0	297.0	497.0	639.0	42.0	26.0
208.0	0.0	297.0	497.0	639.0	42.0	26.0
208.0	0.0	297.0	497.0	639.0	42.0	26.0
208.0	0.0	297.0	497.0	639.0	42.0	26.0
208.0	0.0	297.0	497.0	639.0	42.0	26.0
208.0	0.0	297.0	497.0	639.0	42.0	26.0
208.0	0.0	297.0	497.0	639.0	42.0	26.0
208.0	0.0	297.0	497.0	639.0	42.0	26.0
208.0	0.0	297.0	497.0	639.0	42.0	26.0
208.0	0.0	297.0	497.0	639.0	42.0	26.0
208.0	0.0	297.0	497.0	639.0	42.0	26.0
208.0	0.0	297.0	497.0	639.0	42.0	26.0
208.0	0.0	297.0	497.0	639.0	42.0	26.0
208.0	0.0	297.0	497.0	639.0	42.0	26.0
208.0	0.0	297.0	471.0	639.0	41.0	26.0
208.0	0.0	297.0	471.0	639.0	41.0	26.0
208.0	0.0	297.0	471.0	639.0	41.0	26.0
208.0	0.0	297.0	471.0	639.0	41.0	26.0
208.0	0.0	297.0	471.0	639.0	41.0	26.0
208.0	0.0	297.0	471.0	639.0	41.0	26.0
208.0	0.0	297.0	471.0	639.0	41.0	26.0
208.0	0.0	297.0	471.0	639.0	41.0	26.0
208.0	0.0	297.0	471.0	639.0	41.0	26.0
208.0	0.0	297.0	471.0	639.0	41.0	26.0
208.0	0.0	297.0	471.0	639.0	41.0	26.0
208.0	0.0	297.0	471.0	639.0	41.0	26.0
208.0	0.0	297.0	471.0	639.0	41.0	26.0
208.0	0.0	297.0	471.0	639.0	41.0	26.0
203.0	0.0	297.0	475.0	639.0	40.0	26.0
203.0	0.0	297.0	475.0	639.0	40.0	26.0
203.0	0.0	297.0	475.0	639.0	40.0	26.0
203.0	0.0	297.0	475.0	639.0	40.0	26.0
203.0	0.0	297.0	475.0	639.0	40.0	26.0
203.0	0.0	297.0	475.0	639.0	40.0	26.0
203.0	0.0	297.0	475.0	639.0	40.0	26.0
203.0	0.0	297.0	475.0	639.0	40.0	26.0
203.0	0.0	297.0	475.0	639.0	40.0	26.0
203.0	0.0	297.0	475.0	639.0	40.0	26.0
203.0	0.0	297.0	475.0	639.0	40.0	26.0
203.0	0.0	297.0	475.0	639.0	40.0	26.0
203.0	0.0	297.0	475.0	639.0	40.0	26.0
203.0	0.0	297.0	475.0	639.0	40.0	26.0
203.0	0.0	297.0	475.0	639.0	40.0	26.0
201.0	0.0	297.0	503.0	639.0	40.0	26.0
201.0	0.0	297.0	503.0	639.0	40.0	26.0
201.0	0.0	297.0	503.0	639.0	40.0	26.0
201.0	0.0	297.0	503.0	639.0	40.0	26.0
201.0	0.0	297.0	503.0	639.0	40.0	26.0
201.0	0.0	297.0	503.0	639.0	40.0	26.0
201.0	0.0	297.0	503.0	639.0	40.0	26.0
201.0	0.0	297.0	503.0	639.0	40.0	26.0
201.0	0.0	297.0	503.0	639.0	40.0	26.0
201.0	0.0	297.0	503.0	639.0	40.0	26.0
201.0	0.0	297.0	503.0	639.0	40.0	26.0
201.0	0.0	297.0	503.0	639.0	40.0	26.0
201.0	0.0	297.0	503.0	639.0	40.0	26.0
201.0	0.0	297.0	503.0	639.0	40.0	26.0
201.0	0.0	297.0	503.0	639.0	40.0	26.0
207.0	0.0	297.0	487.0	639.0	39.0	26.0
207.0	0.0	297.0	487.0	639.0	39.0	26.0
207.0	0.0	297.0	487.0	639.0	39.0	26.0
207.0	0.0	297.0	487.0	639.0	39.0	26.0
207.0	0.0	297.0	487.0	639.0	39.0	26.0
207.0	0.0	297.0	487.0	639.0	39.0	26.0
207.0	0.0	297.0	487.0	639.0	39.0	26.0
207.0	0.0	297.0	487.0	639.0	39.0	26.0
207.0	0.0	297.0	487.0	639.0	39.0	26.0
207.0	0.0	297.0	487.0	639.0	39.0	26.0
207.0	0.0	297.0	487.0	639.0	39.0	26.0
207.0	0.0	297.0	487.0	639.0	39.0	26.0
207.0	0.0	297.0	487.0	639.0	39.0	26.0
207.0	0.0	297.0	487.0	639.0	39.0	26.0
207.0	0.0	297.0	487.0	639.0	39.0	26.0
210.0	0.0	297.0	476.0	639.0	39.0	26.0
210.0	0.0	297.0	476.0	639.0	39.0	26.0
210.0	0.0	297.0	476.0	639.0	39.0	26.0
210.0	0.0	297.0	476.0	639.0	39.0	26.0
210.0	0.0	297.0	476.0	639.0	39.0	26.0
210.0	0.0	297.0	476.0	639.0	39.0	26.0
210.0	0.0	297.0	476.0	639.0	39.0	26.0
210.0	0.0	297.0	476.0	639.0	39.0	26.0
210.0	0.0	297.0	476.0	639.0	39.0	26.0
210.0	0.0	297.0	476.0	639.0	39.0	26.0
210.0	0.0	297.0	476.0	639.0	39.0	26.0
210.0	0.0	297.0	476.0	639.0	39.0	26.0
210.0	0.0	297.0	476.0	639.0	39.0	26.0
210.0	0.0	297.0	476.0	639.0	39.0	26.0
210.0	0.0	297.0	476.0	639.0	39.0	26.0
203.0	0.0	297.0	525.0	639.0	38.0	26.0
203.0	0.0	297.0	525.0	639.0	38.0	26.0
203.0	0.0	297.0	525.0	639.0	38.0	26.0
203.0	0.0	297.0	525.0	639.0	38.0	26.0
203.0	0.0	297.0	525.0	639.0	38.0	26.0
203.0	0.0	297.0	525.0	639.0	38.0	26.0
203.0	0.0	297.0	525.0	639.0	38.0	26.0
